static double const z[121] = {  0,   1,   2,   3,   4,   5,   6,   7,   8,   9,  10,
			  11,  12,  13,  14,  15,  16,  17,  18,  19,  20,  21,
			  22,  23,  24,  25,  26,  27,  28,  29,  30,  31,  32,
			  33,  34,  35,  36,  37,  38,  39,  40,  41,  42,  43,
			  44,  45,  46,  47,  48,  49,  50,  51,  52,  53,  54,
			  55,  56,  57,  58,  59,  60,  61,  62,  63,  64,  65,
			  66,  67,  68,  69,  70,  71,  72,  73,  74,  75,  76,
			  77,  78,  79,  80,  81,  82,  83,  84,  85,  86,  87,
			  88,  89,  90,  91,  92,  93,  94,  95,  96,  97,  98,
			  99, 100, 101, 102, 103, 104, 105, 106, 107, 108, 109,
			  110, 111, 112, 113, 114, 115, 116, 117, 118, 119, 120 };
static double const pre[121] = { 1017, 901.083, 796.45, 702.227, 617.614, 541.644, 473.437, 412.288,
			   357.603, 308.96, 265.994, 228.348, 195.619, 167.351, 143.039, 122.198,
			   104.369, 89.141, 76.1528, 65.0804, 55.641, 47.591, 40.7233, 34.8637,
			   29.8633, 25.5956, 21.9534, 18.8445, 16.1909, 13.9258, 11.9913,
			   10.34, 8.92988, 7.72454, 6.6924, 5.80701, 5.04654, 4.39238, 3.82902,
			   3.34337, 2.92413, 2.56128, 2.2464, 1.97258, 1.73384, 1.52519, 1.34242,
			   1.18197, 1.04086, 0.916546, 0.806832, 0.709875, 0.624101, 0.548176,
			   0.480974, 0.421507, 0.368904, 0.322408, 0.281386, 0.245249, 0.213465,
			   0.185549, 0.161072, 0.139644, 0.120913, 0.104568, 0.0903249, 0.0779269,
			   0.0671493, 0.0577962, 0.0496902, 0.0426736, 0.0366093, 0.0313743,
			   0.0268598, 0.0229699, 0.0196206, 0.0167399, 0.0142646, 0.0121397,
			   0.0103181, 0.00875775, 0.00742226, 0.00628076, 0.00530519, 0.00447183,
			   0.00376124, 0.00315632, 0.00264248, 0.00220738, 0.00184003, 0.00153095,
			   0.00127204, 0.00105608, 0.000876652, 0.00072798, 0.00060492,
			   0.000503201, 0.000419226, 0.000349896, 0.000292659, 0.000245421,
			   0.000206394, 0.000174125, 0.000147441, 0.000125333, 0.000106985,
			   9.173e-05, 7.90172e-05, 6.84172e-05, 5.95574e-05, 5.21183e-05,
			   4.58348e-05, 4.05127e-05, 3.59987e-05, 3.21583e-05, 2.88718e-05,
			   2.60322e-05, 2.35687e-05, 2.14263e-05, 1.95489e-05 };
static double const tem[121] = { 285.14, 279.34, 273.91, 268.3, 263.24, 256.55, 250.2, 242.82, 236.17,
			   229.87, 225.04, 221.19, 218.85, 217.19, 216.2, 215.68, 215.42, 215.55,
			   215.92, 216.4, 216.93, 217.45, 218, 218.68, 219.39, 220.25, 221.3,
			   222.41, 223.88, 225.42, 227.2, 229.52, 231.89, 234.51, 236.85, 239.42,
			   241.94, 244.57, 247.36, 250.32, 253.34, 255.82, 258.27, 260.39,
			   262.03, 263.45, 264.2, 264.78, 264.67, 264.38, 263.24, 262.03, 260.02,
			   258.09, 255.63, 253.28, 250.43, 247.81, 245.26, 242.77, 240.38,
			   237.94, 235.79, 233.53, 231.5, 229.53, 227.6, 225.62, 223.77, 222.06,
			   220.33, 218.69, 217.18, 215.64, 214.13, 212.52, 210.86, 209.25,
			   207.49, 205.81, 204.11, 202.22, 200.32, 198.39, 195.92, 193.46,
			   190.94, 188.31, 185.82, 183.57, 181.43, 179.74, 178.64, 178.1, 178.25,
			   178.7, 179.41, 180.67, 182.31, 184.18, 186.6, 189.53, 192.66, 196.54,
			   201.13, 205.93, 211.73, 217.86, 225, 233.53, 242.57, 252.14, 261.48,
			   272.97, 285.26, 299.12, 312.2, 324.17, 338.34, 352.56, 365.28
};
static double const c2h2[121] = { 1.352e-09, 2.83e-10, 1.269e-10, 6.926e-11, 4.346e-11, 2.909e-11,
			    2.014e-11, 1.363e-11, 8.71e-12, 5.237e-12, 2.718e-12, 1.375e-12,
			    5.786e-13, 2.16e-13, 7.317e-14, 2.551e-14, 1.055e-14, 4.758e-15,
			    2.056e-15, 7.703e-16, 2.82e-16, 1.035e-16, 4.382e-17, 1.946e-17,
			    9.638e-18, 5.2e-18, 2.811e-18, 1.494e-18, 7.925e-19, 4.213e-19,
			    1.998e-19, 8.78e-20, 3.877e-20, 1.728e-20, 7.743e-21, 3.536e-21,
			    1.623e-21, 7.508e-22, 3.508e-22, 1.65e-22, 7.837e-23, 3.733e-23,
			    1.808e-23, 8.77e-24, 4.285e-24, 2.095e-24, 1.032e-24, 5.082e-25,
			    2.506e-25, 1.236e-25, 6.088e-26, 2.996e-26, 1.465e-26, 0, 0, 0,
			    0, 0, 0, 0, 0, 0, 0, 0, 0, 0, 0, 0, 0, 0, 0, 0, 0, 0, 0, 0, 0, 0,
			    0, 0, 0, 0, 0, 0, 0, 0, 0, 0, 0, 0, 0, 0, 0, 0, 0, 0, 0, 0, 0, 0,
			    0, 0, 0, 0, 0, 0, 0, 0, 0, 0, 0, 0, 0, 0, 0, 0, 0, 0, 0, 0, 0
};
static double const c2h6[121] = { 2.667e-09, 2.02e-09, 1.658e-09, 1.404e-09, 1.234e-09, 1.109e-09,
			    1.012e-09, 9.262e-10, 8.472e-10, 7.71e-10, 6.932e-10, 6.216e-10,
			    5.503e-10, 4.87e-10, 4.342e-10, 3.861e-10, 3.347e-10, 2.772e-10,
			    2.209e-10, 1.672e-10, 1.197e-10, 8.536e-11, 5.783e-11, 3.846e-11,
			    2.495e-11, 1.592e-11, 1.017e-11, 6.327e-12, 3.895e-12, 2.403e-12,
			    1.416e-12, 8.101e-13, 4.649e-13, 2.686e-13, 1.557e-13, 9.14e-14,
			    5.386e-14, 3.19e-14, 1.903e-14, 1.14e-14, 6.875e-15, 4.154e-15,
			    2.538e-15, 1.553e-15, 9.548e-16, 5.872e-16, 3.63e-16, 2.244e-16,
			    1.388e-16, 8.587e-17, 5.308e-17, 3.279e-17, 2.017e-17, 1.238e-17,
			    7.542e-18, 4.585e-18, 2.776e-18, 1.671e-18, 9.985e-19, 5.937e-19,
			    3.518e-19, 2.07e-19, 1.215e-19, 7.06e-20, 4.097e-20, 2.37e-20,
			    1.363e-20, 7.802e-21, 4.441e-21, 2.523e-21, 1.424e-21, 8.015e-22,
			    4.497e-22, 2.505e-22, 1.391e-22, 7.691e-23, 4.238e-23, 2.331e-23,
			    1.274e-23, 6.929e-24, 3.752e-24, 2.02e-24, 1.083e-24, 5.774e-25,
			    3.041e-25, 1.593e-25, 8.308e-26, 4.299e-26, 2.195e-26, 1.112e-26,
			    0, 0, 0, 0, 0, 0, 0, 0, 0, 0, 0, 0, 0, 0, 0, 0, 0, 0, 0, 0, 0, 0,
			    0, 0, 0, 0, 0, 0, 0, 0, 0
};
static double const ccl4[121] = { 1.075e-10, 1.075e-10, 1.075e-10, 1.075e-10, 1.075e-10, 1.075e-10,
			    1.075e-10, 1.075e-10, 1.075e-10, 1.06e-10, 1.024e-10, 9.69e-11,
			    8.93e-11, 8.078e-11, 7.213e-11, 6.307e-11, 5.383e-11, 4.49e-11,
			    3.609e-11, 2.705e-11, 1.935e-11, 1.385e-11, 8.35e-12, 5.485e-12,
			    3.853e-12, 2.22e-12, 5.875e-13, 3.445e-13, 1.015e-13, 6.075e-14,
			    4.383e-14, 2.692e-14, 1e-14, 1e-14, 1e-14, 1e-14, 1e-14, 1e-14,
			    1e-14, 1e-14, 1e-14, 1e-14, 1e-14, 1e-14, 1e-14, 1e-14, 1e-14, 1e-14,
			    1e-14, 1e-14, 1e-14, 1e-14, 1e-14, 1e-14, 1e-14, 1e-14, 1e-14, 1e-14,
			    1e-14, 1e-14, 1e-14, 1e-14, 1e-14, 1e-14, 1e-14, 1e-14, 1e-14, 1e-14,
			    1e-14, 1e-14, 1e-14, 1e-14, 1e-14, 1e-14, 1e-14, 1e-14, 1e-14, 1e-14,
			    1e-14, 1e-14, 1e-14, 1e-14, 1e-14, 1e-14, 1e-14, 1e-14, 1e-14, 1e-14,
			    1e-14, 1e-14, 1e-14, 1e-14, 1e-14, 1e-14, 1e-14, 1e-14, 1e-14, 1e-14,
			    1e-14, 1e-14, 1e-14, 1e-14, 1e-14, 1e-14, 1e-14, 1e-14, 1e-14, 1e-14,
			    1e-14, 1e-14, 1e-14, 1e-14, 1e-14, 1e-14, 1e-14, 1e-14, 1e-14, 1e-14,
			    1e-14, 1e-14, 1e-14
};
static double const ch4[121] = { 1.864e-06, 1.835e-06, 1.819e-06, 1.805e-06, 1.796e-06, 1.788e-06,
			   1.782e-06, 1.776e-06, 1.769e-06, 1.761e-06, 1.749e-06, 1.734e-06,
			   1.716e-06, 1.692e-06, 1.654e-06, 1.61e-06, 1.567e-06, 1.502e-06,
			   1.433e-06, 1.371e-06, 1.323e-06, 1.277e-06, 1.232e-06, 1.188e-06,
			   1.147e-06, 1.108e-06, 1.07e-06, 1.027e-06, 9.854e-07, 9.416e-07,
			   8.933e-07, 8.478e-07, 7.988e-07, 7.515e-07, 7.07e-07, 6.64e-07,
			   6.239e-07, 5.864e-07, 5.512e-07, 5.184e-07, 4.87e-07, 4.571e-07,
			   4.296e-07, 4.04e-07, 3.802e-07, 3.578e-07, 3.383e-07, 3.203e-07,
			   3.032e-07, 2.889e-07, 2.76e-07, 2.635e-07, 2.519e-07, 2.409e-07,
			   2.302e-07, 2.219e-07, 2.144e-07, 2.071e-07, 1.999e-07, 1.93e-07,
			   1.862e-07, 1.795e-07, 1.731e-07, 1.668e-07, 1.607e-07, 1.548e-07,
			   1.49e-07, 1.434e-07, 1.38e-07, 1.328e-07, 1.277e-07, 1.227e-07,
			   1.18e-07, 1.134e-07, 1.089e-07, 1.046e-07, 1.004e-07, 9.635e-08,
			   9.245e-08, 8.867e-08, 8.502e-08, 8.15e-08, 7.809e-08, 7.48e-08,
			   7.159e-08, 6.849e-08, 6.55e-08, 6.262e-08, 5.98e-08, 5.708e-08,
			   5.448e-08, 5.194e-08, 4.951e-08, 4.72e-08, 4.5e-08, 4.291e-08,
			   4.093e-08, 3.905e-08, 3.729e-08, 3.563e-08, 3.408e-08, 3.265e-08,
			   3.128e-08, 2.996e-08, 2.87e-08, 2.76e-08, 2.657e-08, 2.558e-08,
			   2.467e-08, 2.385e-08, 2.307e-08, 2.234e-08, 2.168e-08, 2.108e-08,
			   2.05e-08, 1.998e-08, 1.947e-08, 1.902e-08, 1.86e-08, 1.819e-08,
			   1.782e-08
};
static double const clo[121] = {
  7.419e-15, 1.061e-14, 1.518e-14, 2.195e-14, 3.175e-14, 4.666e-14,
  6.872e-14, 1.03e-13, 1.553e-13, 2.375e-13, 3.664e-13, 5.684e-13,
  8.915e-13, 1.402e-12, 2.269e-12, 4.125e-12, 7.501e-12, 1.257e-11,
  2.048e-11, 3.338e-11, 5.44e-11, 8.846e-11, 1.008e-10, 1.082e-10,
  1.157e-10, 1.232e-10, 1.312e-10, 1.539e-10, 1.822e-10, 2.118e-10,
  2.387e-10, 2.687e-10, 2.875e-10, 3.031e-10, 3.23e-10, 3.648e-10,
  4.117e-10, 4.477e-10, 4.633e-10, 4.794e-10, 4.95e-10, 5.104e-10,
  5.259e-10, 5.062e-10, 4.742e-10, 4.443e-10, 4.051e-10, 3.659e-10,
  3.305e-10, 2.911e-10, 2.54e-10, 2.215e-10, 1.927e-10, 1.675e-10,
  1.452e-10, 1.259e-10, 1.09e-10, 9.416e-11, 8.119e-11, 6.991e-11,
  6.015e-11, 5.163e-11, 4.43e-11, 3.789e-11, 3.24e-11, 2.769e-11,
  2.361e-11, 2.011e-11, 1.71e-11, 1.453e-11, 1.233e-11, 1.045e-11,
  8.851e-12, 7.48e-12, 6.316e-12, 5.326e-12, 4.487e-12, 3.778e-12,
  3.176e-12, 2.665e-12, 2.234e-12, 1.87e-12, 1.563e-12, 1.304e-12,
  1.085e-12, 9.007e-13, 7.468e-13, 6.179e-13, 5.092e-13, 4.188e-13,
  3.442e-13, 2.816e-13, 2.304e-13, 1.885e-13, 1.542e-13, 1.263e-13,
  1.035e-13, 8.5e-14, 7.004e-14, 5.783e-14, 4.795e-14, 4.007e-14,
  3.345e-14, 2.792e-14, 2.33e-14, 1.978e-14, 1.686e-14, 1.438e-14,
  1.234e-14, 1.07e-14, 9.312e-15, 8.131e-15, 7.164e-15, 6.367e-15,
  5.67e-15, 5.088e-15, 4.565e-15, 4.138e-15, 3.769e-15, 3.432e-15,
  3.148e-15
};
static double const clono2[121] = { 1.011e-13, 1.515e-13, 2.272e-13, 3.446e-13, 5.231e-13, 8.085e-13,
			      1.253e-12, 1.979e-12, 3.149e-12, 5.092e-12, 8.312e-12, 1.366e-11,
			      2.272e-11, 3.791e-11, 6.209e-11, 9.101e-11, 1.334e-10, 1.951e-10,
			      2.853e-10, 3.94e-10, 4.771e-10, 5.771e-10, 6.675e-10, 7.665e-10,
			      8.504e-10, 8.924e-10, 9.363e-10, 8.923e-10, 8.411e-10, 7.646e-10,
			      6.525e-10, 5.576e-10, 4.398e-10, 3.403e-10, 2.612e-10, 1.915e-10,
			      1.407e-10, 1.028e-10, 7.455e-11, 5.42e-11, 3.708e-11, 2.438e-11,
			      1.618e-11, 1.075e-11, 7.17e-12, 4.784e-12, 3.205e-12, 2.147e-12,
			      1.44e-12, 9.654e-13, 6.469e-13, 4.332e-13, 2.891e-13, 1.926e-13,
			      1.274e-13, 8.422e-14, 5.547e-14, 3.636e-14, 2.368e-14, 1.536e-14,
			      9.937e-15, 6.39e-15, 4.101e-15, 2.61e-15, 1.659e-15, 1.052e-15,
			      6.638e-16, 4.172e-16, 2.61e-16, 1.63e-16, 1.013e-16, 6.275e-17,
			      3.879e-17, 2.383e-17, 1.461e-17, 8.918e-18, 5.43e-18, 3.301e-18,
			      1.997e-18, 1.203e-18, 7.216e-19, 4.311e-19, 2.564e-19, 1.519e-19,
			      8.911e-20, 5.203e-20, 3.026e-20, 1.748e-20, 9.99e-21, 5.673e-21,
			      3.215e-21, 1.799e-21, 1.006e-21, 5.628e-22, 3.146e-22, 1.766e-22,
			      9.94e-23, 5.614e-23, 3.206e-23, 1.841e-23, 1.071e-23, 6.366e-24,
			      3.776e-24, 2.238e-24, 1.326e-24, 8.253e-25, 5.201e-25, 3.279e-25,
			      2.108e-25, 1.395e-25, 9.326e-26, 6.299e-26, 4.365e-26, 3.104e-26,
			      2.219e-26, 1.621e-26, 1.185e-26, 8.92e-27, 6.804e-27, 5.191e-27,
			      4.041e-27
};
static double const co[121] = {
  1.907e-07, 1.553e-07, 1.362e-07, 1.216e-07, 1.114e-07, 1.036e-07,
  9.737e-08, 9.152e-08, 8.559e-08, 7.966e-08, 7.277e-08, 6.615e-08,
  5.884e-08, 5.22e-08, 4.699e-08, 4.284e-08, 3.776e-08, 3.274e-08,
  2.845e-08, 2.479e-08, 2.246e-08, 2.054e-08, 1.991e-08, 1.951e-08,
  1.94e-08, 2.009e-08, 2.1e-08, 2.201e-08, 2.322e-08, 2.45e-08,
  2.602e-08, 2.73e-08, 2.867e-08, 2.998e-08, 3.135e-08, 3.255e-08,
  3.352e-08, 3.426e-08, 3.484e-08, 3.53e-08, 3.593e-08, 3.671e-08,
  3.759e-08, 3.945e-08, 4.192e-08, 4.49e-08, 5.03e-08, 5.703e-08,
  6.538e-08, 7.878e-08, 9.644e-08, 1.196e-07, 1.498e-07, 1.904e-07,
  2.422e-07, 3.055e-07, 3.804e-07, 4.747e-07, 5.899e-07, 7.272e-07,
  8.91e-07, 1.071e-06, 1.296e-06, 1.546e-06, 1.823e-06, 2.135e-06,
  2.44e-06, 2.714e-06, 2.967e-06, 3.189e-06, 3.391e-06, 3.58e-06,
  3.773e-06, 4.022e-06, 4.346e-06, 4.749e-06, 5.199e-06, 5.668e-06,
  6.157e-06, 6.688e-06, 7.254e-06, 7.867e-06, 8.539e-06, 9.26e-06,
  1.009e-05, 1.119e-05, 1.228e-05, 1.365e-05, 1.506e-05, 1.641e-05,
  1.784e-05, 1.952e-05, 2.132e-05, 2.323e-05, 2.531e-05, 2.754e-05,
  3.047e-05, 3.459e-05, 3.922e-05, 4.439e-05, 4.825e-05, 5.077e-05,
  5.34e-05, 5.618e-05, 5.909e-05, 6.207e-05, 6.519e-05, 6.845e-05,
  6.819e-05, 6.726e-05, 6.622e-05, 6.512e-05, 6.671e-05, 6.862e-05,
  7.048e-05, 7.264e-05, 7.3e-05, 7.3e-05, 7.3e-05, 7.3e-05, 7.3e-05
};
static double const cof2[121] = {
  7.5e-14, 1.055e-13, 1.485e-13, 2.111e-13, 3.001e-13, 4.333e-13,
  6.269e-13, 9.221e-13, 1.364e-12, 2.046e-12, 3.093e-12, 4.703e-12,
  7.225e-12, 1.113e-11, 1.66e-11, 2.088e-11, 2.626e-11, 3.433e-11,
  4.549e-11, 5.886e-11, 7.21e-11, 8.824e-11, 1.015e-10, 1.155e-10,
  1.288e-10, 1.388e-10, 1.497e-10, 1.554e-10, 1.606e-10, 1.639e-10,
  1.64e-10, 1.64e-10, 1.596e-10, 1.542e-10, 1.482e-10, 1.382e-10,
  1.289e-10, 1.198e-10, 1.109e-10, 1.026e-10, 9.484e-11, 8.75e-11,
  8.086e-11, 7.49e-11, 6.948e-11, 6.446e-11, 5.961e-11, 5.505e-11,
  5.085e-11, 4.586e-11, 4.1e-11, 3.665e-11, 3.235e-11, 2.842e-11,
  2.491e-11, 2.11e-11, 1.769e-11, 1.479e-11, 1.197e-11, 9.631e-12,
  7.74e-12, 6.201e-12, 4.963e-12, 3.956e-12, 3.151e-12, 2.507e-12,
  1.99e-12, 1.576e-12, 1.245e-12, 9.83e-13, 7.742e-13, 6.088e-13,
  4.782e-13, 3.745e-13, 2.929e-13, 2.286e-13, 1.782e-13, 1.388e-13,
  1.079e-13, 8.362e-14, 6.471e-14, 4.996e-14, 3.85e-14, 2.96e-14,
  2.265e-14, 1.729e-14, 1.317e-14, 9.998e-15, 7.549e-15, 5.683e-15,
  4.273e-15, 3.193e-15, 2.385e-15, 1.782e-15, 1.331e-15, 9.957e-16,
  7.461e-16, 5.601e-16, 4.228e-16, 3.201e-16, 2.438e-16, 1.878e-16,
  1.445e-16, 1.111e-16, 8.544e-17, 6.734e-17, 5.341e-17, 4.237e-17,
  3.394e-17, 2.759e-17, 2.254e-17, 1.851e-17, 1.54e-17, 1.297e-17,
  1.096e-17, 9.365e-18, 8e-18, 6.938e-18, 6.056e-18, 5.287e-18,
  4.662e-18
};
static double const f11[121] = {
  2.65e-10, 2.65e-10, 2.65e-10, 2.65e-10, 2.65e-10, 2.65e-10, 2.65e-10,
  2.65e-10, 2.65e-10, 2.65e-10, 2.65e-10, 2.65e-10, 2.635e-10, 2.536e-10,
  2.44e-10, 2.348e-10, 2.258e-10, 2.153e-10, 2.046e-10, 1.929e-10,
  1.782e-10, 1.648e-10, 1.463e-10, 1.291e-10, 1.1e-10, 8.874e-11,
  7.165e-11, 5.201e-11, 3.744e-11, 2.577e-11, 1.64e-11, 1.048e-11,
  5.993e-12, 3.345e-12, 1.839e-12, 9.264e-13, 4.688e-13, 2.329e-13,
  1.129e-13, 5.505e-14, 2.825e-14, 1.492e-14, 7.997e-15, 5.384e-15,
  3.988e-15, 2.955e-15, 2.196e-15, 1.632e-15, 1.214e-15, 9.025e-16,
  6.708e-16, 4.984e-16, 3.693e-16, 2.733e-16, 2.013e-16, 1.481e-16,
  1.087e-16, 7.945e-17, 5.782e-17, 4.195e-17, 3.038e-17, 2.19e-17,
  1.577e-17, 1.128e-17, 8.063e-18, 5.753e-18, 4.09e-18, 2.899e-18,
  2.048e-18, 1.444e-18, 1.015e-18, 7.12e-19, 4.985e-19, 3.474e-19,
  2.417e-19, 1.677e-19, 1.161e-19, 8.029e-20, 5.533e-20, 3.799e-20,
  2.602e-20, 1.776e-20, 1.209e-20, 8.202e-21, 5.522e-21, 3.707e-21,
  2.48e-21, 1.652e-21, 1.091e-21, 7.174e-22, 4.709e-22, 3.063e-22,
  1.991e-22, 1.294e-22, 8.412e-23, 5.483e-23, 3.581e-23, 2.345e-23,
  1.548e-23, 1.027e-23, 6.869e-24, 4.673e-24, 3.173e-24, 2.153e-24,
  1.461e-24, 1.028e-24, 7.302e-25, 5.188e-25, 3.739e-25, 2.753e-25,
  2.043e-25, 1.528e-25, 1.164e-25, 9.041e-26, 7.051e-26, 5.587e-26,
  4.428e-26, 3.588e-26, 2.936e-26, 2.402e-26, 1.995e-26
};
static double const f12[121] = {
  5.45e-10, 5.45e-10, 5.45e-10, 5.45e-10, 5.45e-10, 5.45e-10, 5.45e-10,
  5.45e-10, 5.45e-10, 5.45e-10, 5.45e-10, 5.45e-10, 5.429e-10, 5.291e-10,
  5.155e-10, 5.022e-10, 4.893e-10, 4.772e-10, 4.655e-10, 4.497e-10,
  4.249e-10, 4.015e-10, 3.632e-10, 3.261e-10, 2.858e-10, 2.408e-10,
  2.03e-10, 1.685e-10, 1.4e-10, 1.163e-10, 9.65e-11, 8.02e-11, 6.705e-11,
  5.624e-11, 4.764e-11, 4.249e-11, 3.792e-11, 3.315e-11, 2.819e-11,
  2.4e-11, 1.999e-11, 1.64e-11, 1.352e-11, 1.14e-11, 9.714e-12,
  8.28e-12, 7.176e-12, 6.251e-12, 5.446e-12, 4.72e-12, 4.081e-12,
  3.528e-12, 3.08e-12, 2.699e-12, 2.359e-12, 2.111e-12, 1.901e-12,
  1.709e-12, 1.534e-12, 1.376e-12, 1.233e-12, 1.103e-12, 9.869e-13,
  8.808e-13, 7.859e-13, 7.008e-13, 6.241e-13, 5.553e-13, 4.935e-13,
  4.383e-13, 3.889e-13, 3.447e-13, 3.054e-13, 2.702e-13, 2.389e-13,
  2.11e-13, 1.862e-13, 1.643e-13, 1.448e-13, 1.274e-13, 1.121e-13,
  9.844e-14, 8.638e-14, 7.572e-14, 6.62e-14, 5.782e-14, 5.045e-14,
  4.394e-14, 3.817e-14, 3.311e-14, 2.87e-14, 2.48e-14, 2.142e-14,
  1.851e-14, 1.599e-14, 1.383e-14, 1.196e-14, 1.036e-14, 9e-15,
  7.828e-15, 6.829e-15, 5.992e-15, 5.254e-15, 4.606e-15, 4.037e-15,
  3.583e-15, 3.19e-15, 2.841e-15, 2.542e-15, 2.291e-15, 2.07e-15,
  1.875e-15, 1.71e-15, 1.57e-15, 1.442e-15, 1.333e-15, 1.232e-15,
  1.147e-15, 1.071e-15, 1.001e-15, 9.396e-16
};
static double const f14[121] = {
  9e-11, 9e-11, 9e-11, 9e-11, 9e-11, 9e-11, 9e-11, 9e-11, 9e-11, 9e-11,
  9e-11, 9e-11, 9e-11, 9e-11, 9e-11, 8.91e-11, 8.73e-11, 8.46e-11,
  8.19e-11, 7.92e-11, 7.74e-11, 7.65e-11, 7.65e-11, 7.65e-11, 7.65e-11,
  7.65e-11, 7.65e-11, 7.65e-11, 7.65e-11, 7.65e-11, 7.65e-11, 7.65e-11,
  7.65e-11, 7.65e-11, 7.65e-11, 7.65e-11, 7.65e-11, 7.65e-11, 7.65e-11,
  7.65e-11, 7.65e-11, 7.65e-11, 7.65e-11, 7.65e-11, 7.65e-11, 7.65e-11,
  7.65e-11, 7.65e-11, 7.65e-11, 7.65e-11, 7.65e-11, 7.65e-11, 7.65e-11,
  7.65e-11, 7.65e-11, 7.65e-11, 7.65e-11, 7.65e-11, 7.65e-11, 7.65e-11,
  7.65e-11, 7.65e-11, 7.65e-11, 7.65e-11, 7.65e-11, 7.65e-11, 7.65e-11,
  7.65e-11, 7.65e-11, 7.65e-11, 7.65e-11, 7.65e-11, 7.65e-11, 7.65e-11,
  7.65e-11, 7.65e-11, 7.65e-11, 7.65e-11, 7.65e-11, 7.65e-11, 7.65e-11,
  7.65e-11, 7.65e-11, 7.65e-11, 7.65e-11, 7.65e-11, 7.65e-11, 7.65e-11,
  7.65e-11, 7.65e-11, 7.65e-11, 7.65e-11, 7.65e-11, 7.65e-11, 7.65e-11,
  7.65e-11, 7.65e-11, 7.65e-11, 7.65e-11, 7.65e-11, 7.65e-11, 7.65e-11,
  7.65e-11, 7.65e-11, 7.65e-11, 7.65e-11, 7.65e-11, 7.65e-11, 7.65e-11,
  7.65e-11, 7.65e-11, 7.65e-11, 7.65e-11, 7.65e-11, 7.65e-11, 7.65e-11,
  7.65e-11, 7.65e-11, 7.65e-11, 7.65e-11, 7.65e-11
};
static double const f22[121] = {
  1.4e-10, 1.4e-10, 1.4e-10, 1.4e-10, 1.4e-10, 1.4e-10, 1.4e-10,
  1.4e-10, 1.4e-10, 1.4e-10, 1.372e-10, 1.317e-10, 1.235e-10, 1.153e-10,
  1.075e-10, 1.002e-10, 9.332e-11, 8.738e-11, 8.194e-11, 7.7e-11,
  7.165e-11, 6.753e-11, 6.341e-11, 5.971e-11, 5.6e-11, 5.229e-11,
  4.859e-11, 4.488e-11, 4.118e-11, 3.83e-11, 3.568e-11, 3.308e-11,
  3.047e-11, 2.82e-11, 2.594e-11, 2.409e-11, 2.237e-11, 2.065e-11,
  1.894e-11, 1.771e-11, 1.647e-11, 1.532e-11, 1.416e-11, 1.332e-11,
  1.246e-11, 1.161e-11, 1.087e-11, 1.017e-11, 9.471e-12, 8.853e-12,
  8.235e-12, 7.741e-12, 7.247e-12, 6.836e-12, 6.506e-12, 6.176e-12,
  5.913e-12, 5.65e-12, 5.419e-12, 5.221e-12, 5.024e-12, 4.859e-12,
  4.694e-12, 4.546e-12, 4.414e-12, 4.282e-12, 4.15e-12, 4.019e-12,
  3.903e-12, 3.805e-12, 3.706e-12, 3.607e-12, 3.508e-12, 3.41e-12,
  3.31e-12, 3.212e-12, 3.129e-12, 3.047e-12, 2.964e-12, 2.882e-12,
  2.8e-12, 2.734e-12, 2.668e-12, 2.602e-12, 2.537e-12, 2.471e-12,
  2.421e-12, 2.372e-12, 2.322e-12, 2.273e-12, 2.224e-12, 2.182e-12,
  2.141e-12, 2.1e-12, 2.059e-12, 2.018e-12, 1.977e-12, 1.935e-12,
  1.894e-12, 1.853e-12, 1.812e-12, 1.77e-12, 1.73e-12, 1.688e-12,
  1.647e-12, 1.606e-12, 1.565e-12, 1.524e-12, 1.483e-12, 1.441e-12,
  1.4e-12, 1.359e-12, 1.317e-12, 1.276e-12, 1.235e-12, 1.194e-12,
  1.153e-12, 1.112e-12, 1.071e-12, 1.029e-12, 9.883e-13
};
static double const h2o[121] = {
  0.01166, 0.008269, 0.005742, 0.003845, 0.00277, 0.001897, 0.001272,
  0.000827, 0.000539, 0.0003469, 0.0001579, 3.134e-05, 1.341e-05,
  6.764e-06, 4.498e-06, 3.703e-06, 3.724e-06, 3.899e-06, 4.002e-06,
  4.122e-06, 4.277e-06, 4.438e-06, 4.558e-06, 4.673e-06, 4.763e-06,
  4.809e-06, 4.856e-06, 4.936e-06, 5.021e-06, 5.114e-06, 5.222e-06,
  5.331e-06, 5.414e-06, 5.488e-06, 5.563e-06, 5.633e-06, 5.704e-06,
  5.767e-06, 5.819e-06, 5.872e-06, 5.914e-06, 5.949e-06, 5.984e-06,
  6.015e-06, 6.044e-06, 6.073e-06, 6.104e-06, 6.136e-06, 6.167e-06,
  6.189e-06, 6.208e-06, 6.226e-06, 6.212e-06, 6.185e-06, 6.158e-06,
  6.114e-06, 6.066e-06, 6.018e-06, 5.877e-06, 5.728e-06, 5.582e-06,
  5.437e-06, 5.296e-06, 5.156e-06, 5.02e-06, 4.886e-06, 4.754e-06,
  4.625e-06, 4.498e-06, 4.374e-06, 4.242e-06, 4.096e-06, 3.955e-06,
  3.817e-06, 3.683e-06, 3.491e-06, 3.204e-06, 2.94e-06, 2.696e-06,
  2.47e-06, 2.252e-06, 2.019e-06, 1.808e-06, 1.618e-06, 1.445e-06,
  1.285e-06, 1.105e-06, 9.489e-07, 8.121e-07, 6.938e-07, 5.924e-07,
  5.04e-07, 4.288e-07, 3.648e-07, 3.103e-07, 2.642e-07, 2.252e-07,
  1.921e-07, 1.643e-07, 1.408e-07, 1.211e-07, 1.048e-07, 9.063e-08,
  7.835e-08, 6.774e-08, 5.936e-08, 5.221e-08, 4.592e-08, 4.061e-08,
  3.62e-08, 3.236e-08, 2.902e-08, 2.62e-08, 2.383e-08, 2.171e-08,
  1.989e-08, 1.823e-08, 1.684e-08, 1.562e-08, 1.449e-08, 1.351e-08
};
static double const h2o2[121] = {
  1.779e-10, 7.938e-10, 8.953e-10, 8.032e-10, 6.564e-10, 5.159e-10,
  4.003e-10, 3.026e-10, 2.222e-10, 1.58e-10, 1.044e-10, 6.605e-11,
  3.413e-11, 1.453e-11, 1.062e-11, 1.009e-11, 9.597e-12, 1.175e-11,
  1.572e-11, 2.091e-11, 2.746e-11, 3.603e-11, 4.791e-11, 6.387e-11,
  8.239e-11, 1.007e-10, 1.23e-10, 1.363e-10, 1.489e-10, 1.585e-10,
  1.608e-10, 1.632e-10, 1.576e-10, 1.502e-10, 1.423e-10, 1.302e-10,
  1.192e-10, 1.085e-10, 9.795e-11, 8.854e-11, 8.057e-11, 7.36e-11,
  6.736e-11, 6.362e-11, 6.087e-11, 5.825e-11, 5.623e-11, 5.443e-11,
  5.27e-11, 5.098e-11, 4.931e-11, 4.769e-11, 4.611e-11, 4.458e-11,
  4.308e-11, 4.102e-11, 3.887e-11, 3.682e-11, 3.521e-11, 3.369e-11,
  3.224e-11, 3.082e-11, 2.946e-11, 2.814e-11, 2.687e-11, 2.566e-11,
  2.449e-11, 2.336e-11, 2.227e-11, 2.123e-11, 2.023e-11, 1.927e-11,
  1.835e-11, 1.746e-11, 1.661e-11, 1.58e-11, 1.502e-11, 1.428e-11,
  1.357e-11, 1.289e-11, 1.224e-11, 1.161e-11, 1.102e-11, 1.045e-11,
  9.895e-12, 9.369e-12, 8.866e-12, 8.386e-12, 7.922e-12, 7.479e-12,
  7.06e-12, 6.656e-12, 6.274e-12, 5.914e-12, 5.575e-12, 5.257e-12,
  4.959e-12, 4.679e-12, 4.42e-12, 4.178e-12, 3.954e-12, 3.75e-12,
  3.557e-12, 3.372e-12, 3.198e-12, 3.047e-12, 2.908e-12, 2.775e-12,
  2.653e-12, 2.544e-12, 2.442e-12, 2.346e-12, 2.26e-12, 2.183e-12,
  2.11e-12, 2.044e-12, 1.98e-12, 1.924e-12, 1.871e-12, 1.821e-12,
  1.775e-12
};
static double const hcn[121] = {
  5.5e-10, 5.5e-10, 5.5e-10, 5.5e-10, 5.5e-10, 5.5e-10, 5.5e-10,
  5.5e-10, 5.5e-10, 5.5e-10, 5.5e-10, 5.498e-10, 5.495e-10, 5.493e-10,
  5.49e-10, 5.488e-10, 4.717e-10, 3.946e-10, 3.174e-10, 2.4e-10,
  1.626e-10, 1.619e-10, 1.612e-10, 1.602e-10, 1.593e-10, 1.582e-10,
  1.572e-10, 1.56e-10, 1.549e-10, 1.539e-10, 1.53e-10, 1.519e-10,
  1.506e-10, 1.487e-10, 1.467e-10, 1.449e-10, 1.43e-10, 1.413e-10,
  1.397e-10, 1.382e-10, 1.368e-10, 1.354e-10, 1.337e-10, 1.315e-10,
  1.292e-10, 1.267e-10, 1.241e-10, 1.215e-10, 1.19e-10, 1.165e-10,
  1.141e-10, 1.118e-10, 1.096e-10, 1.072e-10, 1.047e-10, 1.021e-10,
  9.968e-11, 9.739e-11, 9.539e-11, 9.339e-11, 9.135e-11, 8.898e-11,
  8.664e-11, 8.439e-11, 8.249e-11, 8.075e-11, 7.904e-11, 7.735e-11,
  7.565e-11, 7.399e-11, 7.245e-11, 7.109e-11, 6.982e-11, 6.863e-11,
  6.755e-11, 6.657e-11, 6.587e-11, 6.527e-11, 6.476e-11, 6.428e-11,
  6.382e-11, 6.343e-11, 6.307e-11, 6.272e-11, 6.238e-11, 6.205e-11,
  6.17e-11, 6.137e-11, 6.102e-11, 6.072e-11, 6.046e-11, 6.03e-11,
  6.018e-11, 6.01e-11, 6.001e-11, 5.992e-11, 5.984e-11, 5.975e-11,
  5.967e-11, 5.958e-11, 5.95e-11, 5.941e-11, 5.933e-11, 5.925e-11,
  5.916e-11, 5.908e-11, 5.899e-11, 5.891e-11, 5.883e-11, 5.874e-11,
  5.866e-11, 5.858e-11, 5.85e-11, 5.841e-11, 5.833e-11, 5.825e-11,
  5.817e-11, 5.808e-11, 5.8e-11, 5.792e-11, 5.784e-11
};

static double const hno3[121] = {
  1.809e-10, 7.234e-10, 5.899e-10, 4.342e-10, 3.277e-10, 2.661e-10,
  2.35e-10, 2.267e-10, 2.389e-10, 2.651e-10, 3.255e-10, 4.099e-10,
  5.42e-10, 6.978e-10, 8.807e-10, 1.112e-09, 1.405e-09, 2.04e-09,
  3.111e-09, 4.5e-09, 5.762e-09, 7.37e-09, 7.852e-09, 8.109e-09,
  8.067e-09, 7.554e-09, 7.076e-09, 6.268e-09, 5.524e-09, 4.749e-09,
  3.909e-09, 3.223e-09, 2.517e-09, 1.942e-09, 1.493e-09, 1.122e-09,
  8.449e-10, 6.361e-10, 4.787e-10, 3.611e-10, 2.804e-10, 2.215e-10,
  1.758e-10, 1.441e-10, 1.197e-10, 9.953e-11, 8.505e-11, 7.334e-11,
  6.325e-11, 5.625e-11, 5.058e-11, 4.548e-11, 4.122e-11, 3.748e-11,
  3.402e-11, 3.088e-11, 2.8e-11, 2.536e-11, 2.293e-11, 2.072e-11,
  1.871e-11, 1.687e-11, 1.52e-11, 1.368e-11, 1.23e-11, 1.105e-11,
  9.922e-12, 8.898e-12, 7.972e-12, 7.139e-12, 6.385e-12, 5.708e-12,
  5.099e-12, 4.549e-12, 4.056e-12, 3.613e-12, 3.216e-12, 2.862e-12,
  2.544e-12, 2.259e-12, 2.004e-12, 1.776e-12, 1.572e-12, 1.391e-12,
  1.227e-12, 1.082e-12, 9.528e-13, 8.379e-13, 7.349e-13, 6.436e-13,
  5.634e-13, 4.917e-13, 4.291e-13, 3.745e-13, 3.267e-13, 2.854e-13,
  2.494e-13, 2.181e-13, 1.913e-13, 1.68e-13, 1.479e-13, 1.31e-13,
  1.159e-13, 1.025e-13, 9.067e-14, 8.113e-14, 7.281e-14, 6.535e-14,
  5.892e-14, 5.348e-14, 4.867e-14, 4.439e-14, 4.073e-14, 3.76e-14,
  3.476e-14, 3.229e-14, 3e-14, 2.807e-14, 2.635e-14, 2.473e-14,
  2.332e-14
};
static double const hno4[121] = {
  6.118e-12, 3.594e-12, 2.807e-12, 3.04e-12, 4.458e-12, 7.986e-12,
  1.509e-11, 2.661e-11, 3.738e-11, 4.652e-11, 4.429e-11, 3.992e-11,
  3.347e-11, 3.005e-11, 3.173e-11, 4.055e-11, 5.812e-11, 8.489e-11,
  1.19e-10, 1.482e-10, 1.766e-10, 2.103e-10, 2.35e-10, 2.598e-10,
  2.801e-10, 2.899e-10, 3e-10, 2.817e-10, 2.617e-10, 2.332e-10,
  1.933e-10, 1.605e-10, 1.232e-10, 9.285e-11, 6.941e-11, 4.951e-11,
  3.539e-11, 2.402e-11, 1.522e-11, 9.676e-12, 6.056e-12, 3.745e-12,
  2.34e-12, 1.463e-12, 9.186e-13, 5.769e-13, 3.322e-13, 1.853e-13,
  1.035e-13, 7.173e-14, 5.382e-14, 4.036e-14, 3.401e-14, 2.997e-14,
  2.635e-14, 2.316e-14, 2.034e-14, 1.783e-14, 1.56e-14, 1.363e-14,
  1.19e-14, 1.037e-14, 9.032e-15, 7.846e-15, 6.813e-15, 5.912e-15,
  5.121e-15, 4.431e-15, 3.829e-15, 3.306e-15, 2.851e-15, 2.456e-15,
  2.114e-15, 1.816e-15, 1.559e-15, 1.337e-15, 1.146e-15, 9.811e-16,
  8.389e-16, 7.162e-16, 6.109e-16, 5.203e-16, 4.425e-16, 3.76e-16,
  3.184e-16, 2.692e-16, 2.274e-16, 1.917e-16, 1.61e-16, 1.35e-16,
  1.131e-16, 9.437e-17, 7.874e-17, 6.57e-17, 5.481e-17, 4.579e-17,
  3.828e-17, 3.204e-17, 2.691e-17, 2.264e-17, 1.912e-17, 1.626e-17,
  1.382e-17, 1.174e-17, 9.972e-18, 8.603e-18, 7.45e-18, 6.453e-18,
  5.623e-18, 4.944e-18, 4.361e-18, 3.859e-18, 3.443e-18, 3.096e-18,
  2.788e-18, 2.528e-18, 2.293e-18, 2.099e-18, 1.929e-18, 1.773e-18,
  1.64e-18
};
static double const hocl[121] = {
  1.056e-12, 1.194e-12, 1.35e-12, 1.531e-12, 1.737e-12, 1.982e-12,
  2.263e-12, 2.599e-12, 2.991e-12, 3.459e-12, 4.012e-12, 4.662e-12,
  5.438e-12, 6.35e-12, 7.425e-12, 8.686e-12, 1.016e-11, 1.188e-11,
  1.389e-11, 1.659e-11, 2.087e-11, 2.621e-11, 3.265e-11, 4.064e-11,
  4.859e-11, 5.441e-11, 6.09e-11, 6.373e-11, 6.611e-11, 6.94e-11,
  7.44e-11, 7.97e-11, 8.775e-11, 9.722e-11, 1.064e-10, 1.089e-10,
  1.114e-10, 1.106e-10, 1.053e-10, 1.004e-10, 9.006e-11, 7.778e-11,
  6.739e-11, 5.636e-11, 4.655e-11, 3.845e-11, 3.042e-11, 2.368e-11,
  1.845e-11, 1.442e-11, 1.127e-11, 8.814e-12, 6.544e-12, 4.763e-12,
  3.449e-12, 2.612e-12, 1.999e-12, 1.526e-12, 1.16e-12, 8.793e-13,
  6.655e-13, 5.017e-13, 3.778e-13, 2.829e-13, 2.117e-13, 1.582e-13,
  1.178e-13, 8.755e-14, 6.486e-14, 4.799e-14, 3.54e-14, 2.606e-14,
  1.916e-14, 1.403e-14, 1.026e-14, 7.48e-15, 5.446e-15, 3.961e-15,
  2.872e-15, 2.076e-15, 1.498e-15, 1.077e-15, 7.726e-16, 5.528e-16,
  3.929e-16, 2.785e-16, 1.969e-16, 1.386e-16, 9.69e-17, 6.747e-17,
  4.692e-17, 3.236e-17, 2.232e-17, 1.539e-17, 1.061e-17, 7.332e-18,
  5.076e-18, 3.522e-18, 2.461e-18, 1.726e-18, 1.22e-18, 8.75e-19,
  6.264e-19, 4.482e-19, 3.207e-19, 2.368e-19, 1.762e-19, 1.312e-19,
  9.891e-20, 7.595e-20, 5.87e-20, 4.567e-20, 3.612e-20, 2.904e-20,
  2.343e-20, 1.917e-20, 1.568e-20, 1.308e-20, 1.1e-20, 9.25e-21,
  7.881e-21
};
static double const n2o[121] = {
  3.17e-07, 3.17e-07, 3.17e-07, 3.17e-07, 3.17e-07, 3.17e-07, 3.17e-07,
  3.17e-07, 3.17e-07, 3.17e-07, 3.124e-07, 3.077e-07, 3.03e-07,
  2.984e-07, 2.938e-07, 2.892e-07, 2.847e-07, 2.779e-07, 2.705e-07,
  2.631e-07, 2.557e-07, 2.484e-07, 2.345e-07, 2.201e-07, 2.01e-07,
  1.754e-07, 1.532e-07, 1.329e-07, 1.154e-07, 1.003e-07, 8.735e-08,
  7.617e-08, 6.512e-08, 5.547e-08, 4.709e-08, 3.915e-08, 3.259e-08,
  2.738e-08, 2.327e-08, 1.98e-08, 1.711e-08, 1.493e-08, 1.306e-08,
  1.165e-08, 1.049e-08, 9.439e-09, 8.375e-09, 7.391e-09, 6.525e-09,
  5.759e-09, 5.083e-09, 4.485e-09, 3.953e-09, 3.601e-09, 3.27e-09,
  2.975e-09, 2.757e-09, 2.556e-09, 2.37e-09, 2.195e-09, 2.032e-09,
  1.912e-09, 1.79e-09, 1.679e-09, 1.572e-09, 1.482e-09, 1.402e-09,
  1.326e-09, 1.254e-09, 1.187e-09, 1.127e-09, 1.071e-09, 1.02e-09,
  9.673e-10, 9.193e-10, 8.752e-10, 8.379e-10, 8.017e-10, 7.66e-10,
  7.319e-10, 7.004e-10, 6.721e-10, 6.459e-10, 6.199e-10, 5.942e-10,
  5.703e-10, 5.488e-10, 5.283e-10, 5.082e-10, 4.877e-10, 4.696e-10,
  4.52e-10, 4.355e-10, 4.198e-10, 4.039e-10, 3.888e-10, 3.754e-10,
  3.624e-10, 3.499e-10, 3.381e-10, 3.267e-10, 3.163e-10, 3.058e-10,
  2.959e-10, 2.864e-10, 2.77e-10, 2.686e-10, 2.604e-10, 2.534e-10,
  2.462e-10, 2.386e-10, 2.318e-10, 2.247e-10, 2.189e-10, 2.133e-10,
  2.071e-10, 2.014e-10, 1.955e-10, 1.908e-10, 1.86e-10, 1.817e-10
};
static double const n2o5[121] = {
  1.231e-11, 3.035e-12, 1.702e-12, 9.877e-13, 8.081e-13, 9.039e-13,
  1.169e-12, 1.474e-12, 1.651e-12, 1.795e-12, 1.998e-12, 2.543e-12,
  4.398e-12, 7.698e-12, 1.28e-11, 2.131e-11, 3.548e-11, 5.894e-11,
  7.645e-11, 1.089e-10, 1.391e-10, 1.886e-10, 2.386e-10, 2.986e-10,
  3.487e-10, 3.994e-10, 4.5e-10, 4.6e-10, 4.591e-10, 4.1e-10, 3.488e-10,
  2.846e-10, 2.287e-10, 1.696e-10, 1.011e-10, 6.428e-11, 4.324e-11,
  2.225e-11, 6.214e-12, 3.608e-12, 8.793e-13, 4.491e-13, 1.04e-13,
  6.1e-14, 3.436e-14, 6.671e-15, 1.171e-15, 5.848e-16, 1.212e-16,
  1e-16, 1e-16, 1e-16, 1e-16, 1e-16, 1e-16, 1e-16, 1e-16, 1e-16, 1e-16,
  1e-16, 1e-16, 1e-16, 1e-16, 1e-16, 1e-16, 1e-16, 1e-16, 1e-16, 1e-16,
  1e-16, 1e-16, 1e-16, 1e-16, 1e-16, 1e-16, 1e-16, 1e-16, 1e-16, 1e-16,
  1e-16, 1e-16, 1e-16, 1e-16, 1e-16, 1e-16, 1e-16, 1e-16, 1e-16, 1e-16,
  1e-16, 1e-16, 1e-16, 1e-16, 1e-16, 1e-16, 1e-16, 1e-16, 1e-16, 1e-16,
  1e-16, 1e-16, 1e-16, 1e-16, 1e-16, 1e-16, 1e-16, 1e-16, 1e-16, 1e-16,
  1e-16, 1e-16, 1e-16, 1e-16, 1e-16, 1e-16, 1e-16, 1e-16, 1e-16, 1e-16,
  1e-16, 1e-16
};
static double const nh3[121] = {
  1e-10, 1e-10, 1e-10, 1e-10, 1e-10, 1e-10, 1e-10, 1e-10, 1e-10, 1e-10,
  1e-10, 1e-10, 1e-10, 1e-10, 9.444e-11, 8.488e-11, 7.241e-11, 5.785e-11,
  4.178e-11, 3.018e-11, 2.18e-11, 1.574e-11, 1.137e-11, 8.211e-12,
  5.973e-12, 4.327e-12, 3.118e-12, 2.234e-12, 1.573e-12, 1.04e-12,
  6.762e-13, 4.202e-13, 2.406e-13, 1.335e-13, 6.938e-14, 3.105e-14,
  1.609e-14, 1.033e-14, 6.432e-15, 4.031e-15, 2.555e-15, 1.656e-15,
  1.115e-15, 7.904e-16, 5.63e-16, 4.048e-16, 2.876e-16, 2.004e-16,
  1.356e-16, 9.237e-17, 6.235e-17, 4.223e-17, 3.009e-17, 2.328e-17,
  2.002e-17, 1.914e-17, 1.914e-17, 1.914e-17, 1.914e-17, 1.914e-17,
  1.914e-17, 1.914e-17, 1.914e-17, 1.914e-17, 1.914e-17, 1.914e-17,
  1.914e-17, 1.914e-17, 1.914e-17, 1.914e-17, 1.914e-17, 1.914e-17,
  1.914e-17, 1.914e-17, 1.914e-17, 1.914e-17, 1.914e-17, 1.914e-17,
  1.914e-17, 1.914e-17, 1.914e-17, 1.914e-17, 1.914e-17, 1.914e-17,
  1.914e-17, 1.914e-17, 1.914e-17, 1.914e-17, 1.914e-17, 1.914e-17,
  1.914e-17, 1.914e-17, 1.914e-17, 1.914e-17, 1.914e-17, 1.914e-17,
  1.914e-17, 1.914e-17, 1.914e-17, 1.914e-17, 1.914e-17, 1.914e-17,
  1.914e-17, 1.914e-17, 1.914e-17, 1.914e-17, 1.914e-17, 1.914e-17,
  1.914e-17, 1.914e-17, 1.914e-17, 1.914e-17, 1.914e-17, 1.914e-17,
  1.914e-17, 1.914e-17, 1.914e-17, 1.914e-17, 1.914e-17, 1.914e-17,
  1.914e-17
};
static double const no[121] = {
  2.586e-10, 4.143e-11, 1.566e-11, 9.591e-12, 8.088e-12, 8.462e-12,
  1.013e-11, 1.328e-11, 1.855e-11, 2.678e-11, 3.926e-11, 5.464e-11,
  7.012e-11, 8.912e-11, 1.127e-10, 1.347e-10, 1.498e-10, 1.544e-10,
  1.602e-10, 1.824e-10, 2.078e-10, 2.366e-10, 2.691e-10, 5.141e-10,
  8.259e-10, 1.254e-09, 1.849e-09, 2.473e-09, 3.294e-09, 4.16e-09,
  5.095e-09, 6.11e-09, 6.93e-09, 7.888e-09, 8.903e-09, 9.713e-09,
  1.052e-08, 1.115e-08, 1.173e-08, 1.21e-08, 1.228e-08, 1.239e-08,
  1.231e-08, 1.213e-08, 1.192e-08, 1.138e-08, 1.085e-08, 1.008e-08,
  9.224e-09, 8.389e-09, 7.262e-09, 6.278e-09, 5.335e-09, 4.388e-09,
  3.589e-09, 2.761e-09, 2.129e-09, 1.633e-09, 1.243e-09, 9.681e-10,
  8.355e-10, 7.665e-10, 7.442e-10, 8.584e-10, 9.732e-10, 1.063e-09,
  1.163e-09, 1.286e-09, 1.472e-09, 1.707e-09, 2.032e-09, 2.474e-09,
  2.977e-09, 3.506e-09, 4.102e-09, 5.013e-09, 6.493e-09, 8.414e-09,
  1.077e-08, 1.367e-08, 1.777e-08, 2.625e-08, 3.926e-08, 5.545e-08,
  7.195e-08, 9.464e-08, 1.404e-07, 2.183e-07, 3.329e-07, 4.535e-07,
  6.158e-07, 8.187e-07, 1.075e-06, 1.422e-06, 1.979e-06, 2.71e-06,
  3.58e-06, 4.573e-06, 5.951e-06, 7.999e-06, 1.072e-05, 1.372e-05,
  1.697e-05, 2.112e-05, 2.643e-05, 3.288e-05, 3.994e-05, 4.794e-05,
  5.606e-05, 6.383e-05, 7.286e-05, 8.156e-05, 8.883e-05, 9.469e-05,
  9.848e-05, 0.0001023, 0.0001066, 0.0001115, 0.0001145, 0.0001142,
  0.0001133
};
static double const no2[121] = {
  3.036e-09, 2.945e-10, 9.982e-11, 5.069e-11, 3.485e-11, 2.982e-11,
  2.947e-11, 3.164e-11, 3.714e-11, 4.586e-11, 6.164e-11, 8.041e-11,
  9.982e-11, 1.283e-10, 1.73e-10, 2.56e-10, 3.909e-10, 5.959e-10,
  9.081e-10, 1.384e-09, 1.788e-09, 2.189e-09, 2.686e-09, 3.091e-09,
  3.49e-09, 3.796e-09, 4.2e-09, 5.103e-09, 6.005e-09, 6.3e-09, 6.706e-09,
  7.07e-09, 7.434e-09, 7.663e-09, 7.788e-09, 7.8e-09, 7.597e-09,
  7.482e-09, 7.227e-09, 6.403e-09, 5.585e-09, 4.606e-09, 3.703e-09,
  2.984e-09, 2.183e-09, 1.48e-09, 8.441e-10, 5.994e-10, 3.799e-10,
  2.751e-10, 1.927e-10, 1.507e-10, 1.102e-10, 6.971e-11, 5.839e-11,
  3.904e-11, 3.087e-11, 2.176e-11, 1.464e-11, 1.209e-11, 8.497e-12,
  6.477e-12, 4.371e-12, 2.914e-12, 2.424e-12, 1.753e-12, 1.35e-12,
  9.417e-13, 6.622e-13, 5.148e-13, 3.841e-13, 3.446e-13, 3.01e-13,
  2.551e-13, 2.151e-13, 1.829e-13, 1.64e-13, 1.475e-13, 1.352e-13,
  1.155e-13, 9.963e-14, 9.771e-14, 9.577e-14, 9.384e-14, 9.186e-14,
  9e-14, 9e-14, 9e-14, 9e-14, 9e-14, 9e-14, 9e-14, 9e-14, 9e-14, 9e-14,
  9e-14, 9e-14, 9e-14, 9e-14, 9e-14, 9e-14, 9e-14, 9e-14, 9e-14, 9e-14,
  9e-14, 9e-14, 9e-14, 9e-14, 9e-14, 9e-14, 9e-14, 9e-14, 9e-14, 9e-14,
  9e-14, 9e-14, 9e-14, 9e-14, 9e-14, 9e-14
};
static double const o3[121] = {
  2.218e-08, 3.394e-08, 3.869e-08, 4.219e-08, 4.501e-08, 4.778e-08,
  5.067e-08, 5.402e-08, 5.872e-08, 6.521e-08, 7.709e-08, 9.461e-08,
  1.269e-07, 1.853e-07, 2.723e-07, 3.964e-07, 5.773e-07, 8.2e-07,
  1.155e-06, 1.59e-06, 2.076e-06, 2.706e-06, 3.249e-06, 3.848e-06,
  4.459e-06, 4.986e-06, 5.573e-06, 5.958e-06, 6.328e-06, 6.661e-06,
  6.9e-06, 7.146e-06, 7.276e-06, 7.374e-06, 7.447e-06, 7.383e-06,
  7.321e-06, 7.161e-06, 6.879e-06, 6.611e-06, 6.216e-06, 5.765e-06,
  5.355e-06, 4.905e-06, 4.471e-06, 4.075e-06, 3.728e-06, 3.413e-06,
  3.125e-06, 2.856e-06, 2.607e-06, 2.379e-06, 2.17e-06, 1.978e-06,
  1.8e-06, 1.646e-06, 1.506e-06, 1.376e-06, 1.233e-06, 1.102e-06,
  9.839e-07, 8.771e-07, 7.814e-07, 6.947e-07, 6.102e-07, 5.228e-07,
  4.509e-07, 3.922e-07, 3.501e-07, 3.183e-07, 2.909e-07, 2.686e-07,
  2.476e-07, 2.284e-07, 2.109e-07, 2.003e-07, 2.013e-07, 2.022e-07,
  2.032e-07, 2.042e-07, 2.097e-07, 2.361e-07, 2.656e-07, 2.989e-07,
  3.37e-07, 3.826e-07, 4.489e-07, 5.26e-07, 6.189e-07, 7.312e-07,
  8.496e-07, 8.444e-07, 8.392e-07, 8.339e-07, 8.286e-07, 8.234e-07,
  8.181e-07, 8.129e-07, 8.077e-07, 8.026e-07, 6.918e-07, 5.176e-07,
  3.865e-07, 2.885e-07, 2.156e-07, 1.619e-07, 1.219e-07, 9.161e-08,
  6.972e-08, 5.399e-08, 3.498e-08, 2.111e-08, 1.322e-08, 8.482e-09,
  5.527e-09, 3.423e-09, 2.071e-09, 1.314e-09, 8.529e-10, 5.503e-10,
  3.665e-10
};
static double const ocs[121] = {
  6e-10, 6e-10, 6e-10, 6e-10, 6e-10, 6e-10, 6e-10, 6e-10, 6e-10, 5.997e-10,
  5.989e-10, 5.881e-10, 5.765e-10, 5.433e-10, 5.074e-10, 4.567e-10,
  4.067e-10, 3.601e-10, 3.093e-10, 2.619e-10, 2.232e-10, 1.805e-10,
  1.46e-10, 1.187e-10, 8.03e-11, 5.435e-11, 3.686e-11, 2.217e-11,
  1.341e-11, 8.756e-12, 4.511e-12, 2.37e-12, 1.264e-12, 8.28e-13,
  5.263e-13, 3.209e-13, 1.717e-13, 9.068e-14, 4.709e-14, 2.389e-14,
  1.236e-14, 1.127e-14, 1.091e-14, 1.091e-14, 1.091e-14, 1.091e-14,
  1.091e-14, 1.091e-14, 1.091e-14, 1.091e-14, 1.091e-14, 1.091e-14,
  1.091e-14, 1.091e-14, 1.091e-14, 1.091e-14, 1.091e-14, 1.091e-14,
  1.091e-14, 1.091e-14, 1.091e-14, 1.091e-14, 1.091e-14, 1.091e-14,
  1.091e-14, 1.091e-14, 1.091e-14, 1.091e-14, 1.091e-14, 1.091e-14,
  1.091e-14, 1.091e-14, 1.091e-14, 1.091e-14, 1.091e-14, 1.091e-14,
  1.091e-14, 1.091e-14, 1.091e-14, 1.091e-14, 1.091e-14, 1.091e-14,
  1.091e-14, 1.091e-14, 1.091e-14, 1.091e-14, 1.091e-14, 1.091e-14,
  1.091e-14, 1.091e-14, 1.091e-14, 1.091e-14, 1.091e-14, 1.091e-14,
  1.091e-14, 1.091e-14, 1.091e-14, 1.091e-14, 1.091e-14, 1.091e-14,
  1.091e-14, 1.091e-14, 1.091e-14, 1.091e-14, 1.091e-14, 1.091e-14,
  1.091e-14, 1.091e-14, 1.091e-14, 1.091e-14, 1.091e-14, 1.091e-14,
  1.091e-14, 1.091e-14, 1.091e-14, 1.091e-14, 1.091e-14, 1.091e-14,
  1.091e-14, 1.091e-14, 1.091e-14
};
static double const sf6[121] = {
  4.103e-12, 4.103e-12, 4.103e-12, 4.103e-12, 4.103e-12, 4.103e-12,
  4.103e-12, 4.103e-12, 4.103e-12, 4.087e-12, 4.064e-12, 4.023e-12,
  3.988e-12, 3.941e-12, 3.884e-12, 3.755e-12, 3.622e-12, 3.484e-12,
  3.32e-12, 3.144e-12, 2.978e-12, 2.811e-12, 2.653e-12, 2.489e-12,
  2.332e-12, 2.199e-12, 2.089e-12, 2.013e-12, 1.953e-12, 1.898e-12,
  1.859e-12, 1.826e-12, 1.798e-12, 1.776e-12, 1.757e-12, 1.742e-12,
  1.728e-12, 1.717e-12, 1.707e-12, 1.698e-12, 1.691e-12, 1.685e-12,
  1.679e-12, 1.675e-12, 1.671e-12, 1.668e-12, 1.665e-12, 1.663e-12,
  1.661e-12, 1.659e-12, 1.658e-12, 1.657e-12, 1.656e-12, 1.655e-12,
  1.654e-12, 1.653e-12, 1.653e-12, 1.652e-12, 1.652e-12, 1.652e-12,
  1.651e-12, 1.651e-12, 1.651e-12, 1.651e-12, 1.651e-12, 1.651e-12,
  1.651e-12, 1.65e-12, 1.65e-12, 1.65e-12, 1.65e-12, 1.65e-12, 1.65e-12,
  1.65e-12, 1.65e-12, 1.65e-12, 1.65e-12, 1.65e-12, 1.65e-12, 1.65e-12,
  1.65e-12, 1.65e-12, 1.65e-12, 1.65e-12, 1.65e-12, 1.65e-12, 1.65e-12,
  1.65e-12, 1.65e-12, 1.65e-12, 1.65e-12, 1.65e-12, 1.65e-12, 1.65e-12,
  1.65e-12, 1.65e-12, 1.65e-12, 1.65e-12, 1.65e-12, 1.65e-12, 1.65e-12,
  1.65e-12, 1.65e-12, 1.65e-12, 1.65e-12, 1.65e-12, 1.65e-12, 1.65e-12,
  1.65e-12, 1.65e-12, 1.65e-12, 1.65e-12, 1.65e-12, 1.65e-12, 1.65e-12,
  1.65e-12, 1.65e-12, 1.65e-12, 1.65e-12, 1.65e-12, 1.65e-12
};
static double const so2[121] = {
  1e-10, 1e-10, 1e-10, 1e-10, 1e-10, 1e-10, 1e-10, 1e-10, 1e-10, 1e-10,
  1e-10, 1e-10, 9.867e-11, 9.537e-11, 9e-11, 8.404e-11, 7.799e-11,
  7.205e-11, 6.616e-11, 6.036e-11, 5.475e-11, 5.007e-11, 4.638e-11,
  4.346e-11, 4.055e-11, 3.763e-11, 3.471e-11, 3.186e-11, 2.905e-11,
  2.631e-11, 2.358e-11, 2.415e-11, 2.949e-11, 3.952e-11, 5.155e-11,
  6.76e-11, 8.741e-11, 1.099e-10, 1.278e-10, 1.414e-10, 1.512e-10,
  1.607e-10, 1.699e-10, 1.774e-10, 1.832e-10, 1.871e-10, 1.907e-10,
  1.943e-10, 1.974e-10, 1.993e-10, 2e-10, 2e-10, 2e-10, 2e-10, 2e-10,
  2e-10, 2e-10, 2e-10, 2e-10, 2e-10, 2e-10, 2e-10, 2e-10, 2e-10, 2e-10,
  2e-10, 2e-10, 2e-10, 2e-10, 2e-10, 2e-10, 2e-10, 2e-10, 2e-10, 2e-10,
  2e-10, 2e-10, 2e-10, 2e-10, 2e-10, 2e-10, 2e-10, 2e-10, 2e-10, 2e-10,
  2e-10, 2e-10, 2e-10, 2e-10, 2e-10, 2e-10, 2e-10, 2e-10, 2e-10, 2e-10,
  2e-10, 2e-10, 2e-10, 2e-10, 2e-10, 2e-10, 2e-10, 2e-10, 2e-10, 2e-10,
  2e-10, 2e-10, 2e-10, 2e-10, 2e-10, 2e-10, 2e-10, 2e-10, 2e-10, 2e-10,
  2e-10, 2e-10, 2e-10, 2e-10, 2e-10, 2e-10
};
