  static double const (co2296)[2001] = { 9.3388e-5, 9.7711e-5, 1.0224e-4, 1.0697e-4,
    1.1193e-4, 1.1712e-4, 1.2255e-4, 1.2824e-4, 1.3419e-4, 1.4043e-4,
    1.4695e-4, 1.5378e-4, 1.6094e-4, 1.6842e-4, 1.7626e-4, 1.8447e-4,
    1.9307e-4, 2.0207e-4, 2.1149e-4, 2.2136e-4, 2.3169e-4, 2.4251e-4,
    2.5384e-4, 2.657e-4, 2.7813e-4, 2.9114e-4, 3.0477e-4, 3.1904e-4,
    3.3399e-4, 3.4965e-4, 3.6604e-4, 3.8322e-4, 4.0121e-4, 4.2006e-4,
    4.398e-4, 4.6047e-4, 4.8214e-4, 5.0483e-4, 5.286e-4, 5.535e-4,
    5.7959e-4, 6.0693e-4, 6.3557e-4, 6.6558e-4, 6.9702e-4, 7.2996e-4,
    7.6449e-4, 8.0066e-4, 8.3856e-4, 8.7829e-4, 9.1991e-4, 9.6354e-4,
    .0010093, .0010572, .0011074, .00116, .0012152, .001273,
    .0013336, .0013972, .0014638, .0015336, .0016068, .0016835,
    .001764, .0018483, .0019367, .0020295, .0021267, .0022286,
    .0023355, .0024476, .0025652, .0026885, .0028178, .0029534,
    .0030956, .0032448, .0034012, .0035654, .0037375, .0039181,
    .0041076, .0043063, .0045148, .0047336, .0049632, .005204,
    .0054567, .0057219, .0060002, .0062923, .0065988, .0069204,
    .007258, .0076123, .0079842, .0083746, .0087844, .0092146,
    .0096663, .01014, .010638, .011161, .01171, .012286, .012891,
    .013527, .014194, .014895, .015631, .016404, .017217, .01807,
    .018966, .019908, .020897, .021936, .023028, .024176, .025382,
    .026649, .027981, .02938, .030851, .032397, .034023, .035732,
    .037528, .039416, .041402, .04349, .045685, .047994, .050422,
    .052975, .055661, .058486, .061458, .064584, .067873, .071334,
    .074975, .078807, .082839, .087082, .091549, .096249, .1012,
    .10641, .11189, .11767, .12375, .13015, .13689, .14399, .15147,
    .15935, .16765, .17639, .18561, .19531, .20554, .21632, .22769,
    .23967, .25229, .2656, .27964, .29443, .31004, .3265, .34386,
    .36218, .3815, .40188, .42339, .44609, .47004, .49533, .52202,
    .5502, .57995, .61137, .64455, .6796, .71663, .75574, .79707,
    .84075, .88691, .9357, .98728, 1.0418, 1.0995, 1.1605, 1.225,
    1.2932, 1.3654, 1.4418, 1.5227, 1.6083, 1.6989, 1.7948, 1.8964,
    2.004, 2.118, 2.2388, 2.3668, 2.5025, 2.6463, 2.7988, 2.9606,
    3.1321, 3.314, 3.5071, 3.712, 3.9296, 4.1605, 4.4058, 4.6663,
    4.9431, 5.2374, 5.5501, 5.8818, 6.2353, 6.6114, 7.0115, 7.4372,
    7.8905, 8.3731, 8.8871, 9.4349, 10.019, 10.641, 11.305, 12.013,
    12.769, 13.576, 14.437, 15.358, 16.342, 17.39, 18.513, 19.716,
    21.003, 22.379, 23.854, 25.436, 27.126, 28.942, 30.89, 32.973,
    35.219, 37.634, 40.224, 43.021, 46.037, 49.29, 52.803, 56.447,
    60.418, 64.792, 69.526, 74.637, 80.182, 86.193, 92.713, 99.786,
    107.47, 115.84, 124.94, 134.86, 145.69, 157.49, 170.3, 184.39,
    199.83, 216.4, 234.55, 254.72, 276.82, 299.85, 326.16, 354.99,
    386.51, 416.68, 449.89, 490.12, 534.35, 578.25, 632.26, 692.61,
    756.43, 834.75, 924.11, 1016.9, 996.96, 1102.7, 1219.2, 1351.9,
    1494.3, 1654.1, 1826.5, 2027.9, 2249., 2453.8, 2714.4, 2999.4,
    3209.5, 3509., 3840.4, 3907.5, 4190.7, 4533.5, 4648.3, 5059.1,
    5561.6, 6191.4, 6820.8, 7905.9, 9362.2, 2431.3, 2211.3, 2046.8,
    2023.8, 1985.9, 1905.9, 1491.1, 1369.8, 1262.2, 1200.7, 887.74,
    820.25, 885.23, 887.21, 816.73, 1126.9, 1216.2, 1272.4, 1579.5,
    1634.2, 1656.3, 1657.9, 1789.5, 1670.8, 1509.5, 8474.6, 7489.2,
    6793.6, 6117., 5574.1, 5141.2, 5084.6, 4745.1, 4413.2, 4102.8,
    4024.7, 3715., 3398.6, 3100.8, 2900.4, 2629.2, 2374., 2144.7,
    1955.8, 1760.8, 1591.2, 1435.2, 1296.2, 1174., 1065.1, 967.76,
    999.48, 897.45, 809.23, 732.77, 670.26, 611.93, 560.11, 518.77,
    476.84, 438.8, 408.48, 380.21, 349.24, 322.71, 296.65, 272.85,
    251.96, 232.04, 213.88, 197.69, 182.41, 168.41, 155.79, 144.05,
    133.31, 123.48, 114.5, 106.21, 98.591, 91.612, 85.156, 79.204,
    73.719, 68.666, 63.975, 59.637, 56.35, 52.545, 49.042, 45.788,
    42.78, 39.992, 37.441, 35.037, 32.8, 30.744, 28.801, 26.986,
    25.297, 23.731, 22.258, 20.883, 19.603, 18.403, 17.295, 16.249,
    15.271, 14.356, 13.501, 12.701, 11.954, 11.254, 10.6, 9.9864,
    9.4118, 8.8745, 8.3714, 7.8997, 7.4578, 7.0446, 6.6573, 6.2949,
    5.9577, 5.6395, 5.3419, 5.063, 4.8037, 4.5608, 4.3452, 4.1364,
    3.9413, 3.7394, 3.562, 3.3932, 3.2325, 3.0789, 2.9318, 2.7898,
    2.6537, 2.5225, 2.3958, 2.2305, 2.1215, 2.0245, 1.9427, 1.8795,
    1.8336, 1.7604, 1.7016, 1.6419, 1.5282, 1.4611, 1.3443, 1.27,
    1.1675, 1.0824, 1.0534, .99833, .95854, .92981, .90887, .89346,
    .88113, .87068, .86102, .85096, .88262, .86151, .83565, .80518,
    .77045, .73736, .74744, .74954, .75773, .82267, .83493, .89402,
    .89725, .93426, .95564, .94045, .94174, .93404, .92035, .90456,
    .88621, .86673, .78117, .7515, .72056, .68822, .65658, .62764,
    .55984, .55598, .57407, .60963, .63763, .66198, .61132, .60972,
    .52496, .50649, .41872, .3964, .32422, .27276, .24048, .23772,
    .2286, .22711, .23999, .32038, .34371, .36621, .38561, .39953,
    .40636, .44913, .42716, .3919, .35477, .33935, .3351, .39746,
    .40993, .49398, .49956, .56157, .54742, .57295, .57386, .55417,
    .50745, .471, .43446, .39102, .34993, .31269, .27888, .24912,
    .22291, .19994, .17972, .16197, .14633, .13252, .12029, .10942,
    .099745, .091118, .083404, .076494, .070292, .064716, .059697,
    .055173, .051093, .047411, .044089, .041092, .038392, .035965,
    .033789, .031846, .030122, .028607, .02729, .026169, .025209,
    .024405, .023766, .023288, .022925, .022716, .022681, .022685,
    .022768, .023133, .023325, .023486, .024004, .024126, .024083,
    .023785, .024023, .023029, .021649, .021108, .019454, .017809,
    .017292, .016635, .017037, .018068, .018977, .018756, .017847,
    .016557, .016142, .014459, .012869, .012381, .010875, .0098701,
    .009285, .0091698, .0091701, .0096145, .010553, .01106, .012613,
    .014362, .015017, .016507, .017741, .01768, .017784, .0171,
    .016357, .016172, .017257, .018978, .020935, .021741, .023567,
    .025183, .025589, .026732, .027648, .028278, .028215, .02856,
    .029015, .029062, .028851, .028497, .027825, .027801, .026523,
    .02487, .022967, .022168, .020194, .018605, .017903, .018439,
    .019697, .020311, .020855, .020057, .018608, .016738, .015963,
    .013844, .011801, .011134, .0097573, .0086007, .0086226,
    .0083721, .0090978, .0097616, .0098426, .011317, .012853, .01447,
    .014657, .015771, .016351, .016079, .014829, .013431, .013185,
    .013207, .01448, .016176, .017971, .018265, .019526, .020455,
    .019797, .019802, .0194, .018176, .017505, .016197, .015339,
    .014401, .013213, .012203, .011186, .010236, .0093288, .0084854,
    .0076837, .0069375, .0062614, .0056628, .0051153, .0046015,
    .0041501, .003752, .0033996, .0030865, .0028077, .0025586,
    .0023355, .0021353, .0019553, .0017931, .0016466, .0015141,
    .0013941, .0012852, .0011862, .0010962, .0010142, 9.3935e-4,
    8.71e-4, 8.0851e-4, 7.5132e-4, 6.9894e-4, 6.5093e-4, 6.0689e-4,
    5.6647e-4, 5.2935e-4, 4.9525e-4, 4.6391e-4, 4.3509e-4, 4.086e-4,
    3.8424e-4, 3.6185e-4, 3.4126e-4, 3.2235e-4, 3.0498e-4, 2.8904e-4,
    2.7444e-4, 2.6106e-4, 2.4883e-4, 2.3766e-4, 2.275e-4, 2.1827e-4,
    2.0992e-4, 2.0239e-4, 1.9563e-4, 1.896e-4, 1.8427e-4, 1.796e-4,
    1.7555e-4, 1.7209e-4, 1.692e-4, 1.6687e-4, 1.6505e-4, 1.6375e-4,
    1.6294e-4, 1.6261e-4, 1.6274e-4, 1.6334e-4, 1.6438e-4, 1.6587e-4,
    1.678e-4, 1.7017e-4, 1.7297e-4, 1.762e-4, 1.7988e-4, 1.8399e-4,
    1.8855e-4, 1.9355e-4, 1.9902e-4, 2.0494e-4, 2.1134e-4, 2.1823e-4,
    2.2561e-4, 2.335e-4, 2.4192e-4, 2.5088e-4, 2.604e-4, 2.705e-4,
    2.8119e-4, 2.9251e-4, 3.0447e-4, 3.171e-4, 3.3042e-4, 3.4447e-4,
    3.5927e-4, 3.7486e-4, 3.9127e-4, 4.0854e-4, 4.267e-4, 4.4579e-4,
    4.6586e-4, 4.8696e-4, 5.0912e-4, 5.324e-4, 5.5685e-4, 5.8253e-4,
    6.0949e-4, 6.378e-4, 6.6753e-4, 6.9873e-4, 7.3149e-4, 7.6588e-4,
    8.0198e-4, 8.3987e-4, 8.7964e-4, 9.2139e-4, 9.6522e-4, .0010112,
    .0010595, .0011102, .0011634, .0012193, .001278, .0013396,
    .0014043, .0014722, .0015436, .0016185, .0016972, .0017799,
    .0018668, .001958, .0020539, .0021547, .0022606, .0023719,
    .002489, .002612, .0027414, .0028775, .0030206, .0031712,
    .0033295, .0034962, .0036716, .0038563, .0040506, .0042553,
    .0044709, .004698, .0049373, .0051894, .0054552, .0057354,
    .006031, .0063427, .0066717, .0070188, .0073854, .0077726,
    .0081816, .0086138, .0090709, .0095543, .010066, .010607,
    .011181, .011789, .012433, .013116, .013842, .014613, .015432,
    .016304, .017233, .018224, .019281, .020394, .021574, .022836,
    .024181, .025594, .027088, .028707, .030401, .032245, .034219,
    .036262, .038539, .040987, .043578, .04641, .04949, .052726,
    .056326, .0602, .064093, .068521, .073278, .077734, .083064,
    .088731, .093885, .1003, .1072, .11365, .12187, .13078, .13989,
    .15095, .16299, .17634, .19116, .20628, .22419, .24386, .26587,
    .28811, .31399, .34321, .36606, .39675, .42742, .44243, .47197,
    .49993, .49027, .51147, .52803, .48931, .49729, .5026, .43854,
    .441, .44766, .43414, .46151, .50029, .55247, .43855, .32115,
    .32607, .3431, .36119, .38029, .41179, .43996, .47144, .51853,
    .55362, .59122, .66338, .69877, .74001, .82923, .86907, .90361,
    1.0025, 1.031, 1.0559, 1.104, 1.1178, 1.1341, 1.1547, 1.351,
    1.4772, 1.4812, 1.4907, 1.512, 1.5442, 1.5853, 1.6358, 1.6963,
    1.7674, 1.8474, 1.9353, 2.0335, 2.143, 2.2592, 2.3853, 2.5217,
    2.6686, 2.8273, 2.9998, 3.183, 3.3868, 3.6109, 3.8564, 4.1159,
    4.4079, 4.7278, 5.0497, 5.3695, 5.758, 6.0834, 6.4976, 6.9312,
    7.38, 7.5746, 7.9833, 8.3791, 8.3956, 8.7501, 9.1067, 9.072,
    9.4649, 9.9112, 10.402, 10.829, 11.605, 12.54, 12.713, 10.443,
    10.825, 11.375, 11.955, 12.623, 13.326, 14.101, 15.041, 15.547,
    16.461, 17.439, 18.716, 19.84, 21.036, 22.642, 23.901, 25.244,
    27.03, 28.411, 29.871, 31.403, 33.147, 34.744, 36.456, 39.239,
    43.605, 45.162, 47.004, 49.093, 51.391, 53.946, 56.673, 59.629,
    63.167, 66.576, 70.254, 74.222, 78.477, 83.034, 87.914, 93.18,
    98.77, 104.74, 111.15, 117.95, 125.23, 133.01, 141.33, 150.21,
    159.71, 169.89, 180.93, 192.54, 204.99, 218.34, 232.65, 248.,
    264.47, 282.14, 301.13, 321.53, 343.48, 367.08, 392.5, 419.88,
    449.4, 481.26, 515.64, 552.79, 592.99, 636.48, 683.61, 734.65,
    789.99, 850.02, 915.14, 985.81, 1062.5, 1147.1, 1237.8, 1336.4,
    1443.2, 1558.9, 1684.2, 1819.2, 1965.2, 2122.6, 2291.7, 2470.8,
    2665.7, 2874.9, 3099.4, 3337.9, 3541., 3813.3, 4111.9, 4439.3,
    4798.9, 5196., 5639.2, 6087.5, 6657.7, 7306.7, 8040.7, 8845.5,
    9702.2, 10670., 11739., 12842., 14141., 15498., 17068., 18729.,
    20557., 22559., 25248., 27664., 30207., 32915., 35611., 38081.,
    40715., 43191., 41651., 42750., 43785., 44353., 44366., 44189.,
    43618., 42862., 41878., 35133., 35215., 36383., 39420., 44055.,
    44155., 45850., 46853., 39197., 38274., 29942., 28553., 21792.,
    21228., 17106., 14955., 18181., 19557., 21427., 23728., 26301.,
    28584., 30775., 32536., 33867., 40089., 39204., 37329., 34452.,
    31373., 33921., 34800., 36043., 44415., 45162., 52181., 50895.,
    54140., 50840., 50468., 48302., 44915., 40910., 36754., 32755.,
    29093., 25860., 22962., 20448., 18247., 16326., 14645., 13165.,
    11861., 10708., 9686.9, 8779.7, 7971.9, 7250.8, 6605.7, 6027.2,
    5507.3, 5039.1, 4616.6, 4234.8, 3889., 3575.4, 3290.5, 3031.3,
    2795.2, 2579.9, 2383.1, 2203.3, 2038.6, 1887.6, 1749.1, 1621.9,
    1505., 1397.4, 1298.3, 1207., 1122.8, 1045., 973.1, 906.64,
    845.16, 788.22, 735.48, 686.57, 641.21, 599.1, 559.99, 523.64,
    489.85, 458.42, 429.16, 401.92, 376.54, 352.88, 330.82, 310.24,
    291.03, 273.09, 256.34, 240.69, 226.05, 212.37, 199.57, 187.59,
    176.37, 165.87, 156.03, 146.82, 138.17, 130.07, 122.47, 115.34,
    108.65, 102.37, 96.473, 90.934, 85.73, 80.84, 76.243, 71.922,
    67.858, 64.034, 60.438, 57.052, 53.866, 50.866, 48.04, 45.379,
    42.872, 40.51, 38.285, 36.188, 34.211, 32.347, 30.588, 28.929,
    27.362, 25.884, 24.489, 23.171, 21.929, 20.755, 19.646, 18.599,
    17.61, 16.677, 15.795, 14.961, 14.174, 13.43, 12.725, 12.06,
    11.431, 10.834, 10.27, 9.7361, 9.2302, 8.7518, 8.2997, 7.8724,
    7.4674, 7.0848, 6.7226, 6.3794, 6.054, 5.745, 5.4525, 5.1752,
    4.9121, 4.6625, 4.4259, 4.2015, 3.9888, 3.7872, 3.5961, 3.4149,
    3.2431, 3.0802, 2.9257, 2.7792, 2.6402, 2.5084, 2.3834, 2.2648,
    2.1522, 2.0455, 1.9441, 1.848, 1.7567, 1.6701, 1.5878, 1.5097,
    1.4356, 1.3651, 1.2981, 1.2345, 1.174, 1.1167, 1.062, 1.0101,
    .96087, .91414, .86986, .82781, .78777, .74971, .71339, .67882,
    .64604, .61473, .58507, .55676, .52987, .5044, .48014, .45715,
    .43527, .41453, .3948, .37609, .35831, .34142, .32524, .30995,
    .29536, .28142, .26807, .25527, .24311, .23166, .22077, .21053,
    .20081, .19143, .18261, .17407, .16603, .15833, .15089, .14385,
    .13707, .13065, .12449, .11865, .11306, .10774, .10266, .097818,
    .093203, .088815, .084641, .080671, .076892, .073296, .069873,
    .066613, .06351, .060555, .05774, .055058, .052504, .050071,
    .047752, .045543, .043438, .041432, .039521, .037699, .035962,
    .034307, .032729, .031225, .029791, .028423, .02712, .025877,
    .024692, .023563, .022485, .021458, .020478, .019543, .018652,
    .017802, .016992, .016219, .015481, .014778, .014107, .013467,
    .012856, .012274, .011718, .011188, .010682, .0102, .0097393,
    .0093001, .008881, .0084812, .0080997, .0077358, .0073885,
    .0070571, .0067409, .0064393, .0061514, .0058768, .0056147,
    .0053647, .0051262, .0048987, .0046816, .0044745, .0042769,
    .0040884, .0039088, .0037373, .0035739, .003418, .0032693,
    .0031277, .0029926, .0028639, .0027413, .0026245, .0025133,
    .0024074, .0023066, .0022108, .0021196, .002033, .0019507,
    .0018726, .0017985, .0017282, .0016617, .0015988, .0015394,
    .0014834, .0014306, .0013811, .0013346, .0012911, .0012506,
    .0012131, .0011784, .0011465, .0011175, .0010912, .0010678,
    .0010472, .0010295, .0010147, .001003, 9.9428e-4, 9.8883e-4,
    9.8673e-4, 9.8821e-4, 9.9343e-4, .0010027, .0010164, .0010348,
    .0010586, .0010882, .0011245, .0011685, .0012145, .0012666,
    .0013095, .0013688, .0014048, .0014663, .0015309, .0015499,
    .0016144, .0016312, .001705, .0017892, .0018499, .0019715,
    .0021102, .0022442, .0024284, .0025893, .0027703, .0029445,
    .0031193, .003346, .0034552, .0036906, .0037584, .0040084,
    .0041934, .0044587, .0047093, .0049759, .0053421, .0055134,
    .0059048, .0058663, .0061036, .0063259, .0059657, .0060653,
    .0060972, .0055539, .0055653, .0055772, .005331, .0054953,
    .0055919, .0058684, .006183, .0066675, .0069808, .0075142,
    .0078536, .0084282, .0089454, .0094625, .0093703, .0095857,
    .0099283, .010063, .010521, .0097778, .0098175, .010379, .010447,
    .0105, .010617, .010706, .01078, .011177, .011212, .011304,
    .011446, .011603, .011816, .012165, .012545, .013069, .013539,
    .01411, .014776, .016103, .017016, .017994, .018978, .01998,
    .021799, .022745, .023681, .024627, .025562, .026992, .027958,
    .029013, .030154, .031402, .03228, .033651, .035272, .037088,
    .039021, .041213, .043597, .045977, .04877, .051809, .054943,
    .058064, .061528, .06537, .069309, .071928, .075752, .079589,
    .083352, .084096, .087497, .090817, .091198, .094966, .099045,
    .10429, .10867, .11518, .12269, .13126, .14087, .15161, .16388,
    .16423, .1759, .18721, .19994, .21275, .22513, .23041, .24231,
    .25299, .25396, .26396, .27696, .27929, .2908, .30595, .31433,
    .3282, .3429, .35944, .37467, .39277, .41245, .43326, .45649,
    .48152, .51897, .54686, .57877, .61263, .64962, .68983, .73945,
    .78619, .83537, .89622, .95002, 1.0067, 1.0742, 1.1355, 1.2007,
    1.2738, 1.347, 1.4254, 1.5094, 1.6009, 1.6976, 1.8019, 1.9148,
    2.0357, 2.166, 2.3066, 2.4579, 2.6208, 2.7966, 2.986, 3.188,
    3.4081, 3.6456, 3.9, 4.1747, 4.4712, 4.7931, 5.1359, 5.5097,
    5.9117, 6.3435, 6.8003, 7.3001, 7.8385, 8.3945, 9.011, 9.6869,
    10.392, 11.18, 12.036, 12.938, 13.944, 14.881, 16.029, 17.255,
    18.574, 19.945, 21.38, 22.9, 24.477, 26.128, 27.87, 29.037,
    30.988, 33.145, 35.506, 37.76, 40.885, 44.487, 48.505, 52.911,
    57.56, 61.964, 67.217, 72.26, 78.343, 85.08, 91.867, 99.435,
    107.68, 116.97, 127.12, 138.32, 150.26, 163.04, 174.81, 189.26,
    205.61, 224.68, 240.98, 261.88, 285.1, 307.58, 334.35, 363.53,
    394.68, 427.85, 458.85, 489.25, 472.87, 486.93, 496.27, 501.52,
    501.57, 497.14, 488.09, 476.32, 393.76, 388.51, 393.42, 414.45,
    455.12, 514.62, 520.38, 547.42, 562.6, 487.47, 480.83, 391.06,
    376.92, 303.7, 295.91, 256.03, 236.73, 280.38, 310.71, 335.53,
    367.88, 401.94, 435.52, 469.13, 497.94, 588.82, 597.94, 597.2,
    588.28, 571.2, 555.75, 603.56, 638.15, 680.75, 801.72, 848.01,
    962.15, 990.06, 1068.1, 1076.2, 1115.3, 1134.2, 1136.6, 1119.1,
    1108.9, 1090.6, 1068.7, 1041.9, 1005.4, 967.98, 927.08, 780.1,
    751.41, 733.12, 742.65, 785.56, 855.16, 852.45, 878.1, 784.59,
    777.81, 765.13, 622.93, 498.09, 474.89, 386.9, 378.48, 336.17,
    322.04, 329.57, 350.5, 383.38, 420.02, 462.39, 499.71, 531.98,
    654.99, 653.43, 639.99, 605.16, 554.16, 504.42, 540.64, 552.33,
    679.46, 699.51, 713.91, 832.17, 919.91, 884.96, 907.57, 846.56,
    818.56, 768.93, 706.71, 642.17, 575.95, 515.38, 459.07, 409.02,
    364.61, 325.46, 291.1, 260.89, 234.39, 211.01, 190.38, 172.11,
    155.91, 141.49, 128.63, 117.13, 106.84, 97.584, 89.262, 81.756,
    74.975, 68.842, 63.28, 58.232, 53.641, 49.46, 45.649, 42.168,
    38.991, 36.078, 33.409, 30.96, 28.71, 26.642, 24.737, 22.985,
    21.37, 19.882, 18.512, 17.242, 16.073, 14.987, 13.984, 13.05,
    12.186, 11.384, 10.637, 9.9436, 9.2988, 8.6991, 8.141, 7.6215,
    7.1378, 6.6872, 6.2671, 5.8754, 5.51, 5.1691, 4.851, 4.5539,
    4.2764, 4.0169, 3.7742, 3.5472, 3.3348, 3.1359, 2.9495, 2.7749,
    2.6113, 2.4578, 2.3139, 2.1789, 2.0523, 1.9334, 1.8219, 1.7171,
    1.6188, 1.5263, 1.4395, 1.3579, 1.2812, 1.209, 1.1411, 1.0773,
    1.0171, .96048, .90713, .85684, .80959, .76495, .72282, .68309,
    .64563, .61035, .57707, .54573, .51622, .48834, .46199, .43709,
    .41359, .39129, .37034, .35064, .33198, .31442, .29784, .28218,
    .26732, .25337, .24017, .22774, .21601, .20479, .19426
  };

  static double const (co2260)[2001] = { 5.7971e-5, 6.0733e-5, 6.3628e-5, 6.6662e-5,
    6.9843e-5, 7.3176e-5, 7.6671e-5, 8.0334e-5, 8.4175e-5, 8.8201e-5,
    9.2421e-5, 9.6846e-5, 1.0149e-4, 1.0635e-4, 1.1145e-4, 1.1679e-4,
    1.224e-4, 1.2828e-4, 1.3444e-4, 1.409e-4, 1.4768e-4, 1.5479e-4,
    1.6224e-4, 1.7006e-4, 1.7826e-4, 1.8685e-4, 1.9587e-4, 2.0532e-4,
    2.1524e-4, 2.2565e-4, 2.3656e-4, 2.48e-4, 2.6001e-4, 2.7261e-4,
    2.8582e-4, 2.9968e-4, 3.1422e-4, 3.2948e-4, 3.4548e-4, 3.6228e-4,
    3.799e-4, 3.9838e-4, 4.1778e-4, 4.3814e-4, 4.595e-4, 4.8191e-4,
    5.0543e-4, 5.3012e-4, 5.5603e-4, 5.8321e-4, 6.1175e-4, 6.417e-4,
    6.7314e-4, 7.0614e-4, 7.4078e-4, 7.7714e-4, 8.1531e-4, 8.5538e-4,
    8.9745e-4, 9.4162e-4, 9.8798e-4, .0010367, .0010878, .0011415,
    .0011978, .001257, .0013191, .0013844, .001453, .0015249,
    .0016006, .00168, .0017634, .001851, .001943, .0020397, .0021412,
    .0022479, .00236, .0024778, .0026015, .0027316, .0028682,
    .0030117, .0031626, .0033211, .0034877, .0036628, .0038469,
    .0040403, .0042436, .0044574, .004682, .0049182, .0051665,
    .0054276, .0057021, .0059907, .0062942, .0066133, .0069489,
    .0073018, .0076729, .0080632, .0084738, .0089056, .0093599,
    .0098377, .01034, .010869, .011426, .012011, .012627, .013276,
    .013958, .014676, .015431, .016226, .017063, .017944, .018872,
    .019848, .020876, .021958, .023098, .024298, .025561, .026892,
    .028293, .029769, .031323, .032961, .034686, .036503, .038418,
    .040435, .042561, .044801, .047161, .049649, .052271, .055035,
    .057948, .061019, .064256, .06767, .07127, .075066, .079069,
    .083291, .087744, .092441, .097396, .10262, .10814, .11396,
    .1201, .12658, .13342, .14064, .14826, .1563, .1648, .17376,
    .18323, .19324, .2038, .21496, .22674, .23919, .25234, .26624,
    .28093, .29646, .31287, .33021, .34855, .36794, .38844, .41012,
    .43305, .45731, .48297, .51011, .53884, .56924, .60141, .63547,
    .67152, .70969, .75012, .79292, .83826, .8863, .93718, .99111,
    1.0482, 1.1088, 1.173, 1.2411, 1.3133, 1.3898, 1.471, 1.5571,
    1.6485, 1.7455, 1.8485, 1.9577, 2.0737, 2.197, 2.3278, 2.4668,
    2.6145, 2.7715, 2.9383, 3.1156, 3.3042, 3.5047, 3.7181, 3.9451,
    4.1866, 4.4437, 4.7174, 5.0089, 5.3192, 5.65, 6.0025, 6.3782,
    6.7787, 7.206, 7.6617, 8.1479, 8.6669, 9.221, 9.8128, 10.445,
    11.12, 11.843, 12.615, 13.441, 14.325, 15.271, 16.283, 17.367,
    18.529, 19.776, 21.111, 22.544, 24.082, 25.731, 27.504, 29.409,
    31.452, 33.654, 36.024, 38.573, 41.323, 44.29, 47.492, 50.951,
    54.608, 58.588, 62.929, 67.629, 72.712, 78.226, 84.207, 90.699,
    97.749, 105.42, 113.77, 122.86, 132.78, 143.61, 155.44, 168.33,
    182.48, 198.01, 214.87, 233.39, 253.86, 276.34, 300.3, 327.28,
    356.89, 389.48, 422.29, 458.99, 501.39, 548.13, 595.62, 652.74,
    716.54, 784.57, 866.78, 960.59, 1062.8, 1072.5, 1189.5, 1319.4,
    1467.6, 1630.2, 1813.7, 2016.9, 2253., 2515.3, 2773.5, 3092.8,
    3444.4, 3720.4, 4104.3, 4527.5, 4645.9, 5021.7, 5462.2, 5597.,
    6110.6, 6732.5, 7513.8, 8270.6, 9640.6, 11487., 2796.1, 2680.1,
    2441.6, 2404.2, 2334.8, 2215.2, 1642.5, 1477.9, 1328.1, 1223.5,
    843.34, 766.96, 831.65, 834.84, 774.85, 1156.3, 1275.6, 1366.1,
    1795.6, 1885., 1936.5, 1953.4, 2154.4, 2002.7, 1789.8, 10381.,
    9040., 8216.5, 7384.7, 6721.9, 6187.7, 6143.8, 5703.9, 5276.6,
    4873.1, 4736., 4325.3, 3927., 3554.1, 3286.1, 2950.1, 2642.4,
    2368.7, 2138.9, 1914., 1719.6, 1543.9, 1388.6, 1252.1, 1132.2,
    1024.1, 1025.4, 920.58, 829.59, 750.54, 685.01, 624.25, 570.14,
    525.81, 481.85, 441.95, 408.71, 377.23, 345.86, 318.51, 292.26,
    268.34, 247.04, 227.14, 209.02, 192.69, 177.59, 163.78, 151.26,
    139.73, 129.19, 119.53, 110.7, 102.57, 95.109, 88.264, 81.948,
    76.13, 70.768, 65.827, 61.251, 57.022, 53.495, 49.824, 46.443,
    43.307, 40.405, 37.716, 35.241, 32.923, 30.77, 28.78, 26.915,
    25.177, 23.56, 22.059, 20.654, 19.345, 18.126, 16.988, 15.93,
    14.939, 14.014, 13.149, 12.343, 11.589, 10.884, 10.225, 9.6093,
    9.0327, 8.4934, 7.9889, 7.5166, 7.0744, 6.6604, 6.2727, 5.9098,
    5.5701, 5.2529, 4.955, 4.676, 4.4148, 4.171, 3.9426, 3.7332,
    3.5347, 3.3493, 3.1677, 3.0025, 2.8466, 2.6994, 2.5601, 2.4277,
    2.3016, 2.1814, 2.0664, 1.9564, 1.8279, 1.7311, 1.6427, 1.5645,
    1.4982, 1.443, 1.374, 1.3146, 1.2562, 1.17, 1.1105, 1.0272,
    .96863, .89718, .83654, .80226, .75908, .72431, .69573, .67174,
    .65126, .63315, .61693, .60182, .58715, .59554, .57649, .55526,
    .53177, .50622, .48176, .4813, .47642, .47492, .50273, .50293,
    .52687, .52239, .53419, .53814, .52626, .52211, .51492, .50622,
    .49746, .48841, .4792, .43534, .41999, .40349, .38586, .36799,
    .35108, .31089, .30803, .3171, .33599, .35041, .36149, .32924,
    .32462, .27309, .25961, .20922, .19504, .15683, .13098, .11588,
    .11478, .11204, .11363, .12135, .16423, .17785, .19094, .20236,
    .21084, .2154, .24108, .22848, .20871, .18797, .17963, .17834,
    .21552, .22284, .26945, .27052, .30108, .28977, .29772, .29224,
    .27658, .24956, .22777, .20654, .18392, .16338, .1452, .12916,
    .1152, .10304, .092437, .083163, .075031, .067878, .061564,
    .055976, .051018, .046609, .042679, .03917, .036032, .033223,
    .030706, .02845, .026428, .024617, .022998, .021554, .02027,
    .019136, .018141, .017278, .016541, .015926, .015432, .015058,
    .014807, .014666, .014635, .014728, .014947, .01527, .015728,
    .016345, .017026, .017798, .018839, .019752, .020636, .021886,
    .022695, .02327, .023478, .024292, .023544, .022222, .021932,
    .020052, .018143, .017722, .017031, .017782, .01938, .020734,
    .020476, .019255, .017477, .016878, .014617, .012489, .011765,
    .0099077, .0086446, .0079446, .0078644, .0079763, .008671,
    .01001, .0108, .012933, .015349, .016341, .018484, .020254,
    .020254, .020478, .019591, .018595, .018385, .019913, .022254,
    .024847, .025809, .028053, .029924, .030212, .031367, .03222,
    .032739, .032537, .03286, .033344, .033507, .033499, .033339,
    .032809, .033041, .031723, .029837, .027511, .026603, .024032,
    .021914, .020948, .021701, .023425, .024259, .024987, .023818,
    .021768, .019223, .018144, .015282, .012604, .01163, .0097907,
    .008336, .0082473, .0079582, .0088077, .009779, .010129, .012145,
    .014378, .016761, .01726, .018997, .019998, .019809, .01819,
    .016358, .016099, .01617, .017939, .020223, .022521, .02277,
    .024279, .025247, .024222, .023989, .023224, .021493, .020362,
    .018596, .017309, .015975, .014466, .013171, .011921, .01078,
    .0097229, .0087612, .0078729, .0070682, .0063494, .0057156,
    .0051459, .0046273, .0041712, .0037686, .0034119, .003095,
    .0028126, .0025603, .0023342, .0021314, .0019489, .0017845,
    .001636, .0015017, .00138, .0012697, .0011694, .0010782,
    9.9507e-4, 9.1931e-4, 8.5013e-4, 7.869e-4, 7.2907e-4, 6.7611e-4,
    6.2758e-4, 5.8308e-4, 5.4223e-4, 5.0473e-4, 4.7027e-4, 4.3859e-4,
    4.0946e-4, 3.8265e-4, 3.5798e-4, 3.3526e-4, 3.1436e-4, 2.9511e-4,
    2.7739e-4, 2.6109e-4, 2.4609e-4, 2.3229e-4, 2.1961e-4, 2.0797e-4,
    1.9729e-4, 1.875e-4, 1.7855e-4, 1.7038e-4, 1.6294e-4, 1.5619e-4,
    1.5007e-4, 1.4456e-4, 1.3961e-4, 1.3521e-4, 1.3131e-4, 1.2789e-4,
    1.2494e-4, 1.2242e-4, 1.2032e-4, 1.1863e-4, 1.1733e-4, 1.1641e-4,
    1.1585e-4, 1.1565e-4, 1.158e-4, 1.1629e-4, 1.1712e-4, 1.1827e-4,
    1.1976e-4, 1.2158e-4, 1.2373e-4, 1.262e-4, 1.2901e-4, 1.3214e-4,
    1.3562e-4, 1.3944e-4, 1.4361e-4, 1.4814e-4, 1.5303e-4, 1.5829e-4,
    1.6394e-4, 1.6999e-4, 1.7644e-4, 1.8332e-4, 1.9063e-4, 1.984e-4,
    2.0663e-4, 2.1536e-4, 2.246e-4, 2.3436e-4, 2.4468e-4, 2.5558e-4,
    2.6708e-4, 2.7921e-4, 2.92e-4, 3.0548e-4, 3.1968e-4, 3.3464e-4,
    3.5039e-4, 3.6698e-4, 3.8443e-4, 4.0281e-4, 4.2214e-4, 4.4248e-4,
    4.6389e-4, 4.864e-4, 5.1009e-4, 5.3501e-4, 5.6123e-4, 5.888e-4,
    6.1781e-4, 6.4833e-4, 6.8043e-4, 7.142e-4, 7.4973e-4, 7.8711e-4,
    8.2644e-4, 8.6783e-4, 9.1137e-4, 9.5721e-4, .0010054, .0010562,
    .0011096, .0011659, .0012251, .0012875, .0013532, .0014224,
    .0014953, .001572, .0016529, .0017381, .0018279, .0019226,
    .0020224, .0021277, .0022386, .0023557, .0024792, .0026095,
    .002747, .0028921, .0030453, .0032071, .003378, .0035586,
    .0037494, .003951, .0041642, .0043897, .0046282, .0048805,
    .0051476, .0054304, .00573, .0060473, .0063837, .0067404,
    .0071188, .0075203, .0079466, .0083994, .0088806, .0093922,
    .0099366, .010516, .011134, .011792, .012494, .013244, .014046,
    .014898, .015808, .016781, .017822, .018929, .020108, .02138,
    .022729, .02419, .02576, .027412, .029233, .031198, .033301,
    .035594, .038092, .040767, .04372, .046918, .050246, .053974,
    .058009, .061976, .066586, .071537, .076209, .081856, .087998,
    .093821, .10113, .10913, .11731, .12724, .13821, .15025, .1639,
    .17807, .19472, .21356, .23496, .25758, .28387, .31389, .34104,
    .37469, .40989, .43309, .46845, .5042, .5023, .52981, .55275,
    .51075, .51976, .52457, .44779, .44721, .4503, .4243, .45244,
    .49491, .55399, .39021, .24802, .2501, .2618, .27475, .28879,
    .31317, .33643, .36257, .4018, .43275, .46525, .53333, .56599,
    .60557, .70142, .74194, .77736, .88567, .91182, .93294, .98407,
    .98772, .99176, .9995, 1.2405, 1.3602, 1.338, 1.3255, 1.3267,
    1.3404, 1.3634, 1.3967, 1.4407, 1.4961, 1.5603, 1.6328, 1.7153,
    1.8094, 1.9091, 2.018, 2.1367, 2.264, 2.4035, 2.5562, 2.7179,
    2.9017, 3.1052, 3.3304, 3.5731, 3.8488, 4.1553, 4.4769, 4.7818,
    5.1711, 5.5204, 5.9516, 6.4097, 6.8899, 7.1118, 7.5469, 7.9735,
    7.9511, 8.3014, 8.6418, 8.4757, 8.8256, 9.2294, 9.6923, 10.033,
    10.842, 11.851, 11.78, 8.8435, 9.1381, 9.5956, 10.076, 10.629,
    11.22, 11.883, 12.69, 13.163, 13.974, 14.846, 16.027, 17.053,
    18.148, 19.715, 20.907, 22.163, 23.956, 25.235, 26.566, 27.94,
    29.576, 30.956, 32.432, 35.337, 39.911, 41.128, 42.625, 44.386,
    46.369, 48.619, 51.031, 53.674, 56.825, 59.921, 63.286, 66.929,
    70.859, 75.081, 79.618, 84.513, 89.739, 95.335, 101.35, 107.76,
    114.63, 121.98, 129.87, 138.3, 147.34, 157.04, 167.56, 178.67,
    190.61, 203.43, 217.19, 231.99, 247.88, 264.98, 283.37, 303.17,
    324.49, 347.47, 372.25, 398.98, 427.85, 459.06, 492.8, 529.31,
    568.89, 611.79, 658.35, 708.91, 763.87, 823.65, 888.72, 959.58,
    1036.8, 1121.8, 1213.9, 1314.3, 1423.8, 1543., 1672.8, 1813.4,
    1966.1, 2131.4, 2309.5, 2499.3, 2705., 2925.7, 3161.6, 3411.3,
    3611.5, 3889.2, 4191.1, 4519.3, 4877.9, 5272.9, 5712.9, 6142.7,
    6719.6, 7385., 8145., 8977.7, 9831.9, 10827., 11934., 13063.,
    14434., 15878., 17591., 19435., 21510., 23835., 26835., 29740.,
    32878., 36305., 39830., 43273., 46931., 50499., 49586., 51598.,
    53429., 54619., 55081., 55102., 54485., 53487., 52042., 42689.,
    42607., 44020., 47994., 54169., 53916., 55808., 56642., 46049.,
    44243., 32929., 30658., 21963., 20835., 15962., 13679., 17652.,
    19680., 22388., 25625., 29184., 32520., 35720., 38414., 40523.,
    49228., 48173., 45678., 41768., 37600., 41313., 42654., 44465.,
    55736., 56630., 65409., 63308., 66572., 61845., 60379., 56777.,
    51920., 46601., 41367., 36529., 32219., 28470., 25192., 22362.,
    19907., 17772., 15907., 14273., 12835., 11567., 10445., 9450.2,
    8565.1, 7776., 7070.8, 6439.2, 5872.3, 5362.4, 4903., 4488.3,
    4113.4, 3773.8, 3465.8, 3186.1, 2931.7, 2700.1, 2488.8, 2296.,
    2119.8, 1958.6, 1810.9, 1675.6, 1551.4, 1437.3, 1332.4, 1236.,
    1147.2, 1065.3, 989.86, 920.22, 855.91, 796.48, 741.53, 690.69,
    643.62, 600.02, 559.6, 522.13, 487.35, 455.06, 425.08, 397.21,
    371.3, 347.2, 324.78, 303.9, 284.46, 266.34, 249.45, 233.7,
    219.01, 205.3, 192.5, 180.55, 169.38, 158.95, 149.2, 140.07,
    131.54, 123.56, 116.09, 109.09, 102.54, 96.405, 90.655, 85.266,
    80.213, 75.475, 71.031, 66.861, 62.948, 59.275, 55.827, 52.587,
    49.544, 46.686, 43.998, 41.473, 39.099, 36.867, 34.768, 32.795,
    30.939, 29.192, 27.546, 25.998, 24.539, 23.164, 21.869, 20.65,
    19.501, 18.419, 17.399, 16.438, 15.532, 14.678, 13.874, 13.115,
    12.4, 11.726, 11.088, 10.488, 9.921, 9.3846, 8.8784, 8.3996,
    7.9469, 7.5197, 7.1174, 6.738, 6.379, 6.0409, 5.7213, 5.419,
    5.1327, 4.8611, 4.6046, 4.3617, 4.1316, 3.9138, 3.7077, 3.5125,
    3.3281, 3.1536, 2.9885, 2.8323, 2.6846, 2.5447, 2.4124, 2.2871,
    2.1686, 2.0564, 1.9501, 1.8495, 1.7543, 1.6641, 1.5787, 1.4978,
    1.4212, 1.3486, 1.2799, 1.2147, 1.1529, 1.0943, 1.0388, .98602,
    .93596, .8886, .84352, .80078, .76029, .722, .68585, .65161,
    .61901, .58808, .55854, .53044, .5039, .47853, .45459, .43173,
    .41008, .38965, .37021, .35186, .33444, .31797, .30234, .28758,
    .2736, .26036, .24764, .2357, .22431, .21342, .20295, .19288,
    .18334, .17444, .166, .15815, .15072, .14348, .13674, .13015,
    .12399, .11807, .11231, .10689, .10164, .096696, .091955,
    .087476, .083183, .079113, .075229, .071536, .068026, .064698,
    .06154, .058544, .055699, .052997, .050431, .047993, .045676,
    .043475, .041382, .039392, .037501, .035702, .033991, .032364,
    .030817, .029345, .027945, .026613, .025345, .024139, .022991,
    .021899, .02086, .019871, .018929, .018033, .01718, .016368,
    .015595, .014859, .014158, .013491, .012856, .012251, .011675,
    .011126, .010604, .010107, .0096331, .009182, .0087523, .0083431,
    .0079533, .0075821, .0072284, .0068915, .0065706, .0062649,
    .0059737, .0056963, .005432, .0051802, .0049404, .0047118,
    .0044941, .0042867, .0040891, .0039009, .0037216, .0035507,
    .003388, .0032329, .0030852, .0029445, .0028105, .0026829,
    .0025613, .0024455, .0023353, .0022303, .0021304, .0020353,
    .0019448, .0018587, .0017767, .0016988, .0016247, .0015543,
    .0014874, .0014238, .0013635, .0013062, .0012519, .0012005,
    .0011517, .0011057, .0010621, .001021, 9.8233e-4, 9.4589e-4,
    9.1167e-4, 8.7961e-4, 8.4964e-4, 8.2173e-4, 7.9582e-4, 7.7189e-4,
    7.499e-4, 7.2983e-4, 7.1167e-4, 6.9542e-4, 6.8108e-4, 6.6866e-4,
    6.5819e-4, 6.4971e-4, 6.4328e-4, 6.3895e-4, 6.3681e-4, 6.3697e-4,
    6.3956e-4, 6.4472e-4, 6.5266e-4, 6.6359e-4, 6.778e-4, 6.9563e-4,
    7.1749e-4, 7.4392e-4, 7.7556e-4, 8.1028e-4, 8.4994e-4, 8.8709e-4,
    9.3413e-4, 9.6953e-4, .0010202, .0010738, .0010976, .0011507,
    .0011686, .0012264, .001291, .0013346, .0014246, .0015293,
    .0016359, .0017824, .0019255, .0020854, .002247, .0024148,
    .0026199, .0027523, .0029704, .0030702, .0033047, .0035013,
    .0037576, .0040275, .0043089, .0046927, .0049307, .0053486,
    .0053809, .0056699, .0059325, .0055488, .005634, .0056392,
    .004946, .0048855, .0048208, .0044386, .0045498, .0046377,
    .0048939, .0052396, .0057324, .0060859, .0066906, .0071148,
    .0077224, .0082687, .008769, .0084471, .008572, .0087729,
    .008775, .0090742, .0080704, .0080288, .0085747, .0086087,
    .0086408, .0088752, .0089381, .0089757, .0093532, .0092824,
    .0092566, .0092645, .0092735, .009342, .0095806, .0097991,
    .010213, .010611, .011129, .011756, .013237, .01412, .015034,
    .015936, .01682, .018597, .019315, .019995, .020658, .021289,
    .022363, .022996, .023716, .024512, .025434, .026067, .027118,
    .028396, .029865, .031442, .033253, .03525, .037296, .039701,
    .042356, .045154, .048059, .051294, .054893, .058636, .061407,
    .065172, .068974, .072676, .073379, .076547, .079556, .079134,
    .082308, .085739, .090192, .09359, .099599, .10669, .11496,
    .1244, .13512, .14752, .14494, .15647, .1668, .17863, .19029,
    .20124, .20254, .21179, .21982, .21625, .22364, .23405, .23382,
    .2434, .25708, .26406, .27621, .28909, .30395, .31717, .33271,
    .3496, .36765, .38774, .40949, .446, .46985, .49846, .5287, .562,
    .59841, .64598, .68834, .7327, .78978, .8373, .88708, .94744,
    1.0006, 1.0574, 1.1215, 1.1856, 1.2546, 1.3292, 1.4107, 1.4974,
    1.5913, 1.6931, 1.8028, 1.9212, 2.0492, 2.1874, 2.3365, 2.4978,
    2.6718, 2.8588, 3.062, 3.2818, 3.5188, 3.7752, 4.0527, 4.3542,
    4.6782, 5.0312, 5.4123, 5.8246, 6.2639, 6.7435, 7.2636, 7.8064,
    8.4091, 9.0696, 9.7677, 10.548, 11.4, 12.309, 13.324, 14.284,
    15.445, 16.687, 18.019, 19.403, 20.847, 22.366, 23.925, 25.537,
    27.213, 28.069, 29.864, 31.829, 33.988, 35.856, 38.829, 42.321,
    46.319, 50.606, 55.126, 59.126, 64.162, 68.708, 74.615, 81.176,
    87.739, 95.494, 103.83, 113.38, 123.99, 135.8, 148.7, 162.58,
    176.32, 192.6, 211.47, 232.7, 252.64, 277.41, 305.38, 333.44,
    366.42, 402.66, 442.14, 484.53, 526.42, 568.15, 558.78, 582.6,
    600.98, 613.94, 619.44, 618.24, 609.84, 595.96, 484.86, 475.59,
    478.49, 501.56, 552.19, 628.44, 630.39, 658.92, 671.96, 562.7,
    545.88, 423.43, 400.14, 306.59, 294.13, 246.8, 226.51, 278.21,
    314.39, 347.22, 389.13, 433.16, 477.48, 521.67, 560.54, 683.6,
    696.37, 695.91, 683.1, 658.24, 634.89, 698.85, 742.87, 796.66,
    954.49, 1009.5, 1150.5, 1179.1, 1267.9, 1272.4, 1312.7, 1330.4,
    1331.6, 1315.8, 1308.3, 1293.3, 1274.6, 1249.5, 1213.2, 1172.1,
    1124.4, 930.33, 893.36, 871.27, 883.54, 940.76, 1036., 1025.6,
    1053.1, 914.51, 894.15, 865.03, 670.63, 508.41, 475.15, 370.85,
    361.06, 319.38, 312.75, 331.87, 367.13, 415., 467.94, 525.49,
    578.41, 624.66, 794.82, 796.97, 780.29, 736.49, 670.18, 603.75,
    659.67, 679.8, 857.12, 884.05, 900.65, 1046.1, 1141.9, 1083.,
    1089.2, 1e3, 947.08, 872.31, 787.91, 704.75, 624.93, 553.68,
    489.91, 434.21, 385.64, 343.3, 306.42, 274.18, 245.94, 221.11,
    199.23, 179.88, 162.73, 147.48, 133.88, 121.73, 110.86, 101.1,
    92.323, 84.417, 77.281, 70.831, 64.991, 59.694, 54.884, 50.509,
    46.526, 42.893, 39.58, 36.549, 33.776, 31.236, 28.907, 26.77,
    24.805, 23., 21.339, 19.81, 18.404, 17.105, 15.909, 14.801,
    13.778, 12.83, 11.954, 11.142, 10.389, 9.691, 9.0434, 8.4423,
    7.8842, 7.3657, 6.8838, 6.4357, 6.0189, 5.6308, 5.2696, 4.9332,
    4.6198, 4.3277, 4.0553, 3.8012, 3.5639, 3.3424, 3.1355, 2.9422,
    2.7614, 2.5924, 2.4343, 2.2864, 2.148, 2.0184, 1.8971, 1.7835,
    1.677, 1.5773, 1.4838, 1.3961, 1.3139, 1.2369, 1.1645, 1.0966,
    1.0329, .97309, .91686, .86406, .81439, .76767, .72381, .68252,
    .64359, .60695, .57247, .54008, .50957, .48092, .45401, .42862,
    .40465, .38202, .36072, .34052, .3216, .30386, .28711, .27135,
    .25651, .24252, .2293, .21689, .20517, .19416, .18381, .17396,
    .16469
  };

  static double const (co2230)[2001] = { 2.743e-5, 2.8815e-5, 3.027e-5, 3.1798e-5,
    3.3405e-5, 3.5094e-5, 3.6869e-5, 3.8734e-5, 4.0694e-5, 4.2754e-5,
    4.492e-5, 4.7196e-5, 4.9588e-5, 5.2103e-5, 5.4747e-5, 5.7525e-5,
    6.0446e-5, 6.3516e-5, 6.6744e-5, 7.0137e-5, 7.3704e-5, 7.7455e-5,
    8.1397e-5, 8.5543e-5, 8.9901e-5, 9.4484e-5, 9.9302e-5, 1.0437e-4,
    1.097e-4, 1.153e-4, 1.2119e-4, 1.2738e-4, 1.3389e-4, 1.4074e-4,
    1.4795e-4, 1.5552e-4, 1.6349e-4, 1.7187e-4, 1.8068e-4, 1.8995e-4,
    1.997e-4, 2.0996e-4, 2.2075e-4, 2.321e-4, 2.4403e-4, 2.5659e-4,
    2.698e-4, 2.837e-4, 2.9832e-4, 3.137e-4, 3.2988e-4, 3.4691e-4,
    3.6483e-4, 3.8368e-4, 4.0351e-4, 4.2439e-4, 4.4635e-4, 4.6947e-4,
    4.9379e-4, 5.1939e-4, 5.4633e-4, 5.7468e-4, 6.0452e-4, 6.3593e-4,
    6.69e-4, 7.038e-4, 7.4043e-4, 7.79e-4, 8.1959e-4, 8.6233e-4,
    9.0732e-4, 9.5469e-4, .0010046, .0010571, .0011124, .0011706,
    .0012319, .0012964, .0013644, .001436, .0015114, .0015908,
    .0016745, .0017625, .0018553, .0019531, .002056, .0021645,
    .0022788, .0023992, .002526, .0026596, .0028004, .0029488,
    .0031052, .0032699, .0034436, .0036265, .0038194, .0040227,
    .0042369, .0044628, .0047008, .0049518, .0052164, .0054953,
    .0057894, .0060995, .0064265, .0067713, .007135, .0075184,
    .0079228, .0083494, .0087993, .0092738, .0097745, .010303,
    .01086, .011448, .012068, .012722, .013413, .014142, .014911,
    .015723, .01658, .017484, .018439, .019447, .020511, .021635,
    .022821, .024074, .025397, .026794, .02827, .029829, .031475,
    .033215, .035052, .036994, .039045, .041213, .043504, .045926,
    .048485, .05119, .05405, .057074, .060271, .063651, .067225,
    .071006, .075004, .079233, .083708, .088441, .093449, .098749,
    .10436, .11029, .11657, .12322, .13026, .13772, .14561, .15397,
    .16282, .1722, .18214, .19266, .20381, .21563, .22816, .24143,
    .2555, .27043, .28625, .30303, .32082, .3397, .35972, .38097,
    .40352, .42746, .45286, .47983, .50847, .53888, .57119, .6055,
    .64196, .6807, .72187, .76564, .81217, .86165, .91427, .97025,
    1.0298, 1.0932, 1.1606, 1.2324, 1.3088, 1.3902, 1.477, 1.5693,
    1.6678, 1.7727, 1.8845, 2.0038, 2.131, 2.2666, 2.4114, 2.5659,
    2.7309, 2.907, 3.0951, 3.2961, 3.5109, 3.7405, 3.986, 4.2485,
    4.5293, 4.8299, 5.1516, 5.4961, 5.8651, 6.2605, 6.6842, 7.1385,
    7.6256, 8.1481, 8.7089, 9.3109, 9.9573, 10.652, 11.398, 12.2,
    13.063, 13.992, 14.99, 16.064, 17.222, 18.469, 19.813, 21.263,
    22.828, 24.516, 26.34, 28.31, 30.437, 32.738, 35.226, 37.914,
    40.824, 43.974, 47.377, 51.061, 55.011, 59.299, 63.961, 69.013,
    74.492, 80.444, 86.919, 93.836, 101.23, 109.25, 117.98, 127.47,
    137.81, 149.07, 161.35, 174.75, 189.42, 205.49, 223.02, 242.26,
    263.45, 286.75, 311.94, 340.01, 370.86, 404.92, 440.44, 480.27,
    525.17, 574.71, 626.22, 686.8, 754.38, 827.07, 913.38, 1011.7,
    1121.5, 1161.6, 1289.5, 1432.2, 1595.4, 1777., 1983.3, 2216.1,
    2485.7, 2788.3, 3101.5, 3481., 3902.1, 4257.1, 4740., 5272.8,
    5457.9, 5946.2, 6505.3, 6668.4, 7302.4, 8061.6, 9015.8, 9908.3,
    11613., 13956., 3249.6, 3243., 2901.5, 2841.3, 2729.6, 2558.2,
    1797.8, 1583.2, 1386., 1233.5, 787.74, 701.46, 761.66, 767.21,
    722.83, 1180.6, 1332.1, 1461.6, 2032.9, 2166., 2255.9, 2294.7,
    2587.2, 2396.5, 2122.4, 12553., 10784., 9832.5, 8827.3, 8029.1,
    7377.9, 7347.1, 6783.8, 6239.1, 5721.1, 5503., 4975.1, 4477.8,
    4021.3, 3676.8, 3275.3, 2914.9, 2597.4, 2328.2, 2075.4, 1857.6,
    1663.6, 1493.3, 1343.8, 1213.3, 1095.6, 1066.5, 958.91, 865.15,
    783.31, 714.35, 650.77, 593.98, 546.2, 499.9, 457.87, 421.75,
    387.61, 355.25, 326.62, 299.7, 275.21, 253.17, 232.83, 214.31,
    197.5, 182.08, 167.98, 155.12, 143.32, 132.5, 122.58, 113.48,
    105.11, 97.415, 90.182, 83.463, 77.281, 71.587, 66.341, 61.493,
    57.014, 53.062, 49.21, 45.663, 42.38, 39.348, 36.547, 33.967,
    31.573, 29.357, 27.314, 25.415, 23.658, 22.03, 20.524, 19.125,
    17.829, 16.627, 15.511, 14.476, 13.514, 12.618, 11.786, 11.013,
    10.294, 9.6246, 9.0018, 8.4218, 7.8816, 7.3783, 6.9092, 6.4719,
    6.0641, 5.6838, 5.3289, 4.998, 4.6893, 4.4014, 4.1325, 3.8813,
    3.6469, 3.4283, 3.2241, 3.035, 2.8576, 2.6922, 2.5348, 2.3896,
    2.2535, 2.1258, 2.0059, 1.8929, 1.7862, 1.6854, 1.5898, 1.4992,
    1.4017, 1.3218, 1.2479, 1.1809, 1.1215, 1.0693, 1.0116, .96016,
    .9105, .84859, .80105, .74381, .69982, .65127, .60899, .57843,
    .54592, .51792, .49336, .47155, .45201, .43426, .41807, .40303,
    .38876, .3863, .37098, .35492, .33801, .32032, .30341, .29874,
    .29193, .28689, .29584, .29155, .29826, .29195, .29287, .2904,
    .28199, .27709, .27162, .26622, .26133, .25676, .25235, .23137,
    .22365, .21519, .20597, .19636, .18699, .16485, .16262, .16643,
    .17542, .18198, .18631, .16759, .16338, .13505, .1267, .10053,
    .092554, .074093, .062159, .055523, .054849, .05401, .05528,
    .058982, .07952, .08647, .093244, .099285, .10393, .10661,
    .12072, .11417, .10396, .093265, .089137, .088909, .10902,
    .11277, .13625, .13565, .14907, .14167, .1428, .13744, .12768,
    .11382, .10244, .091686, .08109, .071739, .063616, .056579,
    .050504, .045251, .040689, .036715, .033237, .030181, .027488,
    .025107, .022998, .021125, .01946, .017979, .016661, .015489,
    .014448, .013526, .012712, .011998, .011375, .010839, .010384,
    .010007, .0097053, .0094783, .0093257, .0092489, .0092504,
    .0093346, .0095077, .0097676, .01012, .01058, .011157, .011844,
    .012672, .013665, .014766, .015999, .017509, .018972, .020444,
    .022311, .023742, .0249, .025599, .026981, .026462, .025143,
    .025066, .022814, .020458, .020026, .019142, .020189, .022371,
    .024163, .023728, .02199, .019506, .018591, .015576, .012784,
    .011744, .0094777, .0079148, .0070652, .006986, .0071758,
    .008086, .0098025, .01087, .013609, .016764, .018137, .021061,
    .023498, .023576, .023965, .022828, .021519, .021283, .023364,
    .026457, .029782, .030856, .033486, .035515, .035543, .036558,
    .037198, .037472, .037045, .037284, .03777, .038085, .038366,
    .038526, .038282, .038915, .037697, .035667, .032941, .031959,
    .028692, .025918, .024596, .025592, .027873, .028935, .02984,
    .028148, .025305, .021912, .020454, .016732, .013357, .01205,
    .009731, .0079881, .0077704, .0074387, .0083895, .0096776,
    .010326, .01293, .015955, .019247, .020145, .02267, .024231,
    .024184, .022131, .019784, .01955, .01971, .022119, .025116,
    .027978, .028107, .029808, .030701, .029164, .028551, .027286,
    .024946, .023259, .020982, .019221, .017471, .015643, .014074,
    .01261, .011301, .010116, .0090582, .0081036, .0072542, .0065034,
    .0058436, .0052571, .0047321, .0042697, .0038607, .0034977,
    .0031747, .0028864, .0026284, .002397, .002189, .0020017,
    .0018326, .0016798, .0015414, .0014159, .0013019, .0011983,
    .0011039, .0010177, 9.391e-4, 8.6717e-4, 8.0131e-4, 7.4093e-4,
    6.8553e-4, 6.3464e-4, 5.8787e-4, 5.4487e-4, 5.0533e-4, 4.69e-4,
    4.3556e-4, 4.0474e-4, 3.7629e-4, 3.5e-4, 3.2569e-4, 3.032e-4,
    2.8239e-4, 2.6314e-4, 2.4535e-4, 2.2891e-4, 2.1374e-4, 1.9975e-4,
    1.8685e-4, 1.7498e-4, 1.6406e-4, 1.5401e-4, 1.4479e-4, 1.3633e-4,
    1.2858e-4, 1.2148e-4, 1.1499e-4, 1.0907e-4, 1.0369e-4, 9.8791e-5,
    9.4359e-5, 9.0359e-5, 8.6766e-5, 8.3555e-5, 8.0703e-5, 7.8192e-5,
    7.6003e-5, 7.4119e-5, 7.2528e-5, 7.1216e-5, 7.0171e-5, 6.9385e-5,
    6.8848e-5, 6.8554e-5, 6.8496e-5, 6.8669e-5, 6.9069e-5, 6.9694e-5,
    7.054e-5, 7.1608e-5, 7.2896e-5, 7.4406e-5, 7.6139e-5, 7.8097e-5,
    8.0283e-5, 8.2702e-5, 8.5357e-5, 8.8255e-5, 9.1402e-5, 9.4806e-5,
    9.8473e-5, 1.0241e-4, 1.0664e-4, 1.1115e-4, 1.1598e-4, 1.2112e-4,
    1.2659e-4, 1.3241e-4, 1.3859e-4, 1.4515e-4, 1.521e-4, 1.5947e-4,
    1.6728e-4, 1.7555e-4, 1.8429e-4, 1.9355e-4, 2.0334e-4, 2.1369e-4,
    2.2463e-4, 2.3619e-4, 2.4841e-4, 2.6132e-4, 2.7497e-4, 2.8938e-4,
    3.0462e-4, 3.2071e-4, 3.3771e-4, 3.5567e-4, 3.7465e-4, 3.947e-4,
    4.1588e-4, 4.3828e-4, 4.6194e-4, 4.8695e-4, 5.1338e-4, 5.4133e-4,
    5.7087e-4, 6.0211e-4, 6.3515e-4, 6.701e-4, 7.0706e-4, 7.4617e-4,
    7.8756e-4, 8.3136e-4, 8.7772e-4, 9.2681e-4, 9.788e-4, .0010339,
    .0010922, .001154, .0012195, .0012889, .0013626, .0014407,
    .0015235, .0016114, .0017048, .0018038, .001909, .0020207,
    .0021395, .0022657, .0023998, .0025426, .0026944, .002856,
    .0030281, .0032114, .0034068, .003615, .0038371, .004074,
    .004327, .0045971, .0048857, .0051942, .0055239, .0058766,
    .0062538, .0066573, .0070891, .007551, .0080455, .0085747,
    .0091412, .0097481, .010397, .011092, .011837, .012638, .013495,
    .014415, .01541, .016475, .017621, .018857, .020175, .02162,
    .023185, .024876, .02672, .028732, .030916, .033319, .035939,
    .038736, .041847, .04524, .048715, .052678, .056977, .061203,
    .066184, .07164, .076952, .083477, .090674, .098049, .10697,
    .1169, .1277, .14011, .15323, .1684, .18601, .20626, .22831,
    .25417, .28407, .31405, .34957, .38823, .41923, .46026, .50409,
    .51227, .54805, .57976, .53818, .55056, .557, .46741, .46403,
    .4636, .42265, .45166, .49852, .56663, .34306, .17779, .17697,
    .18346, .19129, .20014, .21778, .23604, .25649, .28676, .31238,
    .33856, .39998, .4288, .46568, .56654, .60786, .64473, .76466,
    .7897, .80778, .86443, .85736, .84798, .84157, 1.1385, 1.2446,
    1.1923, 1.1552, 1.1338, 1.1266, 1.1292, 1.1431, 1.1683, 1.2059,
    1.2521, 1.3069, 1.3712, 1.4471, 1.5275, 1.6165, 1.7145, 1.8189,
    1.9359, 2.065, 2.2007, 2.3591, 2.5362, 2.7346, 2.9515, 3.2021,
    3.4851, 3.7935, 4.0694, 4.4463, 4.807, 5.2443, 5.7178, 6.2231,
    6.4796, 6.9461, 7.4099, 7.3652, 7.7182, 8.048, 7.7373, 8.0363,
    8.3855, 8.8044, 9.0257, 9.8574, 10.948, 10.563, 6.8979, 7.0744,
    7.4121, 7.7663, 8.1768, 8.6243, 9.1437, 9.7847, 10.182, 10.849,
    11.572, 12.602, 13.482, 14.431, 15.907, 16.983, 18.11, 19.884,
    21.02, 22.18, 23.355, 24.848, 25.954, 27.13, 30.186, 34.893,
    35.682, 36.755, 38.111, 39.703, 41.58, 43.606, 45.868, 48.573,
    51.298, 54.291, 57.559, 61.116, 64.964, 69.124, 73.628, 78.471,
    83.683, 89.307, 95.341, 101.84, 108.83, 116.36, 124.46, 133.18,
    142.57, 152.79, 163.69, 175.43, 188.11, 201.79, 216.55, 232.51,
    249.74, 268.38, 288.54, 310.35, 333.97, 359.55, 387.26, 417.3,
    449.88, 485.2, 523.54, 565.14, 610.28, 659.31, 712.56, 770.43,
    833.36, 901.82, 976.36, 1057.6, 1146.8, 1243.8, 1350., 1466.3,
    1593.6, 1732.7, 1884.1, 2049.1, 2228.2, 2421.9, 2629.4, 2853.7,
    3094.4, 3351.1, 3622.3, 3829.8, 4123.1, 4438.3, 4777.2, 5144.1,
    5545.4, 5990.5, 6404.5, 6996.8, 7687.6, 8482.9, 9349.4, 10203.,
    11223., 12358., 13493., 14916., 16416., 18236., 20222., 22501.,
    25102., 28358., 31707., 35404., 39538., 43911., 48391., 53193.,
    58028., 58082., 61276., 64193., 66294., 67480., 67921., 67423.,
    66254., 64341., 51737., 51420., 53072., 58145., 66195., 65358.,
    67377., 67869., 53509., 50553., 35737., 32425., 21704., 19974.,
    14457., 12142., 16798., 19489., 23049., 27270., 31910., 36457.,
    40877., 44748., 47876., 59793., 58626., 55454., 50337., 44893.,
    50228., 52216., 54747., 69541., 70455., 81014., 77694., 80533.,
    73953., 70927., 65539., 59002., 52281., 45953., 40292., 35360.,
    31124., 27478., 24346., 21647., 19308., 17271., 15491., 13927.,
    12550., 11331., 10250., 9288.8, 8431.4, 7664.9, 6978.3, 6361.8,
    5807.4, 5307.7, 4856.8, 4449., 4079.8, 3744.9, 3440.8, 3164.2,
    2912.3, 2682.7, 2473., 2281.4, 2106., 1945.3, 1797.9, 1662.5,
    1538.1, 1423.6, 1318.1, 1221., 1131.5, 1049., 972.99, 902.87,
    838.01, 777.95, 722.2, 670.44, 622.35, 577.68, 536.21, 497.76,
    462.12, 429.13, 398.61, 370.39, 344.29, 320.16, 297.85, 277.2,
    258.08, 240.38, 223.97, 208.77, 194.66, 181.58, 169.43, 158.15,
    147.67, 137.92, 128.86, 120.44, 112.6, 105.3, 98.499, 92.166,
    86.264, 80.763, 75.632, 70.846, 66.381, 62.213, 58.321, 54.685,
    51.288, 48.114, 45.145, 42.368, 39.772, 37.341, 35.065, 32.937,
    30.943, 29.077, 27.33, 25.693, 24.158, 22.717, 21.367, 20.099,
    18.909, 17.792, 16.744, 15.761, 14.838, 13.971, 13.157, 12.393,
    11.676, 11.003, 10.369, 9.775, 9.2165, 8.6902, 8.1963, 7.7314,
    7.2923, 6.8794, 6.4898, 6.122, 5.7764, 5.4525, 5.1484, 4.8611,
    4.5918, 4.3379, 4.0982, 3.8716, 3.6567, 3.4545, 3.2634, 3.0828,
    2.9122, 2.7512, 2.5993, 2.4561, 2.3211, 2.1938, 2.0737, 1.9603,
    1.8534, 1.7525, 1.6572, 1.5673, 1.4824, 1.4022, 1.3265, 1.2551,
    1.1876, 1.1239, 1.0637, 1.0069, .9532, .90248, .85454, .80921,
    .76631, .72569, .6872, .65072, .61635, .5836, .55261, .52336,
    .49581, .46998, .44559, .42236, .40036, .37929, .35924, .34043,
    .32238, .30547, .28931, .27405, .25975, .24616, .23341, .22133,
    .20997, .19924, .18917, .17967, .17075, .16211, .15411, .14646,
    .13912, .13201, .12509, .11857, .11261, .10698, .10186, .097039,
    .092236, .087844, .083443, .07938, .075452, .071564, .067931,
    .064389, .061078, .057901, .054921, .052061, .049364, .046789,
    .04435, .042044, .039866, .037808, .035863, .034023, .032282,
    .030634, .029073, .027595, .026194, .024866, .023608, .022415,
    .021283, .02021, .019193, .018228, .017312, .016443, .015619,
    .014837, .014094, .01339, .012721, .012086, .011483, .010911,
    .010368, .009852, .0093623, .0088972, .0084556, .0080362,
    .0076379, .0072596, .0069003, .006559, .0062349, .0059269,
    .0056344, .0053565, .0050925, .0048417, .0046034, .004377,
    .0041618, .0039575, .0037633, .0035788, .0034034, .0032368,
    .0030785, .002928, .0027851, .0026492, .0025201, .0023975,
    .0022809, .0021701, .0020649, .0019649, .0018699, .0017796,
    .0016938, .0016122, .0015348, .0014612, .0013913, .001325,
    .0012619, .0012021, .0011452, .0010913, .0010401, 9.9149e-4,
    9.454e-4, 9.0169e-4, 8.6024e-4, 8.2097e-4, 7.8377e-4, 7.4854e-4,
    7.1522e-4, 6.8371e-4, 6.5393e-4, 6.2582e-4, 5.9932e-4, 5.7435e-4,
    5.5087e-4, 5.2882e-4, 5.0814e-4, 4.8881e-4, 4.7076e-4, 4.5398e-4,
    4.3843e-4, 4.2407e-4, 4.109e-4, 3.9888e-4, 3.88e-4, 3.7826e-4,
    3.6963e-4, 3.6213e-4, 3.5575e-4, 3.505e-4, 3.464e-4, 3.4346e-4,
    3.4173e-4, 3.4125e-4, 3.4206e-4, 3.4424e-4, 3.4787e-4, 3.5303e-4,
    3.5986e-4, 3.6847e-4, 3.7903e-4, 3.9174e-4, 4.0681e-4, 4.2455e-4,
    4.4527e-4, 4.6942e-4, 4.9637e-4, 5.2698e-4, 5.5808e-4, 5.9514e-4,
    6.2757e-4, 6.689e-4, 7.1298e-4, 7.3955e-4, 7.8403e-4, 8.0449e-4,
    8.5131e-4, 9.0256e-4, 9.3692e-4, .0010051, .0010846, .0011678,
    .001282, .0014016, .0015355, .0016764, .0018272, .0020055,
    .0021455, .0023421, .0024615, .0026786, .0028787, .0031259,
    .0034046, .0036985, .0040917, .0043902, .0048349, .0049531,
    .0052989, .0056148, .0052452, .0053357, .005333, .0045069,
    .0043851, .004253, .003738, .0038084, .0039013, .0041505,
    .0045372, .0050569, .0054507, .0061267, .0066122, .0072449,
    .0078012, .0082651, .0076538, .0076573, .0076806, .0075227,
    .0076269, .0063758, .006254, .0067749, .0067909, .0068231,
    .0072143, .0072762, .0072954, .007679, .0075107, .0073658,
    .0072441, .0071074, .0070378, .007176, .0072472, .0075844,
    .0079291, .008412, .0090165, .010688, .011535, .012375, .013166,
    .013895, .015567, .016011, .016392, .016737, .017043, .017731,
    .018031, .018419, .018877, .019474, .019868, .020604, .021538,
    .022653, .023869, .025288, .026879, .028547, .030524, .03274,
    .035132, .03769, .040567, .043793, .047188, .049962, .053542,
    .057205, .060776, .061489, .064419, .067124, .065945, .068487,
    .071209, .074783, .077039, .082444, .08902, .09692, .10617,
    .11687, .12952, .12362, .13498, .14412, .15492, .16519, .1744,
    .17096, .17714, .18208, .17363, .17813, .18564, .18295, .19045,
    .20252, .20815, .21844, .22929, .24229, .25321, .26588, .2797,
    .29465, .31136, .32961, .36529, .38486, .41027, .43694, .4667,
    .49943, .54542, .58348, .62303, .67633, .71755, .76054, .81371,
    .85934, .90841, .96438, 1.0207, 1.0821, 1.1491, 1.2226, 1.3018,
    1.388, 1.4818, 1.5835, 1.6939, 1.8137, 1.9435, 2.0843, 2.237,
    2.4026, 2.5818, 2.7767, 2.9885, 3.2182, 3.4679, 3.7391, 4.0349,
    4.3554, 4.7053, 5.0849, 5.4986, 5.9436, 6.4294, 6.9598, 7.5203,
    8.143, 8.8253, 9.5568, 10.371, 11.267, 12.233, 13.31, 14.357,
    15.598, 16.93, 18.358, 19.849, 21.408, 23.04, 24.706, 26.409,
    28.153, 28.795, 30.549, 32.43, 34.49, 36.027, 38.955, 42.465,
    46.565, 50.875, 55.378, 59.002, 63.882, 67.949, 73.693, 80.095,
    86.403, 94.264, 102.65, 112.37, 123.3, 135.54, 149.14, 163.83,
    179.17, 196.89, 217.91, 240.94, 264.13, 292.39, 324.83, 358.21,
    397.16, 440.5, 488.6, 541.04, 595.3, 650.43, 652.03, 688.74,
    719.47, 743.54, 757.68, 762.35, 756.43, 741.42, 595.43, 580.97,
    580.83, 605.68, 667.88, 764.49, 759.93, 789.12, 798.17, 645.66,
    615.65, 455.05, 421.09, 306.45, 289.14, 235.7, 215.52, 274.57,
    316.53, 357.73, 409.89, 465.06, 521.84, 579.02, 630.64, 794.46,
    813., 813.56, 796.25, 761.57, 727.97, 812.14, 866.75, 932.5,
    1132.8, 1194.8, 1362.2, 1387.2, 1482.3, 1479.7, 1517.9, 1533.1,
    1534.2, 1523.3, 1522.5, 1515.5, 1505.2, 1486.5, 1454., 1412.,
    1358.8, 1107.8, 1060.9, 1033.5, 1048.2, 1122.4, 1248.9, 1227.1,
    1255.4, 1058.9, 1020.7, 970.59, 715.24, 512.56, 468.47, 349.3,
    338.26, 299.22, 301.26, 332.38, 382.08, 445.49, 515.87, 590.85,
    662.3, 726.05, 955.59, 964.11, 945.17, 891.48, 807.11, 720.9,
    803.36, 834.46, 1073.9, 1107.1, 1123.6, 1296., 1393.7, 1303.1,
    1284.3, 1161.8, 1078.8, 976.13, 868.72, 767.4, 674.72, 593.73,
    523.12, 462.24, 409.75, 364.34, 325., 290.73, 260.76, 234.46,
    211.28, 190.78, 172.61, 156.44, 142.01, 129.12, 117.57, 107.2,
    97.877, 89.47, 81.882, 75.021, 68.807, 63.171, 58.052, 53.396,
    49.155, 45.288, 41.759, 38.531, 35.576, 32.868, 30.384, 28.102,
    26.003, 24.071, 22.293, 20.655, 19.147, 17.756, 16.476, 15.292,
    14.198, 13.183, 12.241, 11.367, 10.554, 9.7989, 9.0978, 8.4475,
    7.845, 7.2868, 6.7704, 6.2927, 5.8508, 5.4421, 5.064, 4.714,
    4.3902, 4.0902, 3.8121, 3.5543, 3.315, 3.093, 2.8869, 2.6953,
    2.5172, 2.3517, 2.1977, 2.0544, 1.9211, 1.7969, 1.6812, 1.5735,
    1.4731, 1.3794, 1.2921, 1.2107, 1.1346, 1.0637, .99744, .93554,
    .87771, .82368, .77313, .72587, .6816, .64014, .60134, .565,
    .53086, .49883, .46881, .44074, .4144, .38979, .36679, .34513,
    .32474, .30552, .28751, .27045, .25458, .23976, .22584, .21278,
    .20051, .18899, .17815, .16801, .15846, .14954, .14117, .13328,
    .12584
  };
