  static double const (h2o296)[2001] = { .17, .1695, .172, .168, .1687, .1624, .1606,
    .1508, .1447, .1344, .1214, .1133, .1009, .09217, .08297, .06989,
    .06513, .05469, .05056, .04417, .03779, .03484, .02994, .0272,
    .02325, .02063, .01818, .01592, .01405, .01251, .0108, .009647,
    .008424, .007519, .006555, .00588, .005136, .004511, .003989,
    .003509, .003114, .00274, .002446, .002144, .001895, .001676,
    .001486, .001312, .001164, .001031, 9.129e-4, 8.106e-4, 7.213e-4,
    6.4e-4, 5.687e-4, 5.063e-4, 4.511e-4, 4.029e-4, 3.596e-4,
    3.22e-4, 2.889e-4, 2.597e-4, 2.337e-4, 2.108e-4, 1.907e-4,
    1.728e-4, 1.57e-4, 1.43e-4, 1.305e-4, 1.195e-4, 1.097e-4,
    1.009e-4, 9.307e-5, 8.604e-5, 7.971e-5, 7.407e-5, 6.896e-5,
    6.433e-5, 6.013e-5, 5.631e-5, 5.283e-5, 4.963e-5, 4.669e-5,
    4.398e-5, 4.148e-5, 3.917e-5, 3.702e-5, 3.502e-5, 3.316e-5,
    3.142e-5, 2.978e-5, 2.825e-5, 2.681e-5, 2.546e-5, 2.419e-5,
    2.299e-5, 2.186e-5, 2.079e-5, 1.979e-5, 1.884e-5, 1.795e-5,
    1.711e-5, 1.633e-5, 1.559e-5, 1.49e-5, 1.426e-5, 1.367e-5,
    1.312e-5, 1.263e-5, 1.218e-5, 1.178e-5, 1.143e-5, 1.112e-5,
    1.088e-5, 1.07e-5, 1.057e-5, 1.05e-5, 1.051e-5, 1.059e-5,
    1.076e-5, 1.1e-5, 1.133e-5, 1.18e-5, 1.237e-5, 1.308e-5,
    1.393e-5, 1.483e-5, 1.614e-5, 1.758e-5, 1.93e-5, 2.123e-5,
    2.346e-5, 2.647e-5, 2.93e-5, 3.279e-5, 3.745e-5, 4.152e-5,
    4.813e-5, 5.477e-5, 6.203e-5, 7.331e-5, 8.056e-5, 9.882e-5,
    1.05e-4, 1.21e-4, 1.341e-4, 1.572e-4, 1.698e-4, 1.968e-4,
    2.175e-4, 2.431e-4, 2.735e-4, 2.867e-4, 3.19e-4, 3.371e-4,
    3.554e-4, 3.726e-4, 3.837e-4, 3.878e-4, 3.864e-4, 3.858e-4,
    3.841e-4, 3.852e-4, 3.815e-4, 3.762e-4, 3.618e-4, 3.579e-4,
    3.45e-4, 3.202e-4, 3.018e-4, 2.785e-4, 2.602e-4, 2.416e-4,
    2.097e-4, 1.939e-4, 1.689e-4, 1.498e-4, 1.308e-4, 1.17e-4,
    1.011e-4, 9.237e-5, 7.909e-5, 7.006e-5, 6.112e-5, 5.401e-5,
    4.914e-5, 4.266e-5, 3.963e-5, 3.316e-5, 3.037e-5, 2.598e-5,
    2.294e-5, 2.066e-5, 1.813e-5, 1.583e-5, 1.423e-5, 1.247e-5,
    1.116e-5, 9.76e-6, 8.596e-6, 7.72e-6, 6.825e-6, 6.108e-6,
    5.366e-6, 4.733e-6, 4.229e-6, 3.731e-6, 3.346e-6, 2.972e-6,
    2.628e-6, 2.356e-6, 2.102e-6, 1.878e-6, 1.678e-6, 1.507e-6,
    1.348e-6, 1.21e-6, 1.089e-6, 9.806e-7, 8.857e-7, 8.004e-7,
    7.261e-7, 6.599e-7, 6.005e-7, 5.479e-7, 5.011e-7, 4.595e-7,
    4.219e-7, 3.885e-7, 3.583e-7, 3.314e-7, 3.071e-7, 2.852e-7,
    2.654e-7, 2.474e-7, 2.311e-7, 2.162e-7, 2.026e-7, 1.902e-7,
    1.788e-7, 1.683e-7, 1.587e-7, 1.497e-7, 1.415e-7, 1.338e-7,
    1.266e-7, 1.2e-7, 1.138e-7, 1.08e-7, 1.027e-7, 9.764e-8,
    9.296e-8, 8.862e-8, 8.458e-8, 8.087e-8, 7.744e-8, 7.429e-8,
    7.145e-8, 6.893e-8, 6.664e-8, 6.468e-8, 6.322e-8, 6.162e-8,
    6.07e-8, 5.992e-8, 5.913e-8, 5.841e-8, 5.796e-8, 5.757e-8,
    5.746e-8, 5.731e-8, 5.679e-8, 5.577e-8, 5.671e-8, 5.656e-8,
    5.594e-8, 5.593e-8, 5.602e-8, 5.62e-8, 5.693e-8, 5.725e-8,
    5.858e-8, 6.037e-8, 6.249e-8, 6.535e-8, 6.899e-8, 7.356e-8,
    7.918e-8, 8.618e-8, 9.385e-8, 1.039e-7, 1.158e-7, 1.29e-7,
    1.437e-7, 1.65e-7, 1.871e-7, 2.121e-7, 2.427e-7, 2.773e-7,
    3.247e-7, 3.677e-7, 4.037e-7, 4.776e-7, 5.101e-7, 6.214e-7,
    6.936e-7, 7.581e-7, 8.486e-7, 9.355e-7, 9.942e-7, 1.063e-6,
    1.123e-6, 1.191e-6, 1.215e-6, 1.247e-6, 1.26e-6, 1.271e-6,
    1.284e-6, 1.317e-6, 1.323e-6, 1.349e-6, 1.353e-6, 1.362e-6,
    1.344e-6, 1.329e-6, 1.336e-6, 1.327e-6, 1.325e-6, 1.359e-6,
    1.374e-6, 1.415e-6, 1.462e-6, 1.526e-6, 1.619e-6, 1.735e-6,
    1.863e-6, 2.034e-6, 2.265e-6, 2.482e-6, 2.756e-6, 3.103e-6,
    3.466e-6, 3.832e-6, 4.378e-6, 4.913e-6, 5.651e-6, 6.311e-6,
    7.169e-6, 8.057e-6, 9.253e-6, 1.047e-5, 1.212e-5, 1.36e-5,
    1.569e-5, 1.776e-5, 2.02e-5, 2.281e-5, 2.683e-5, 2.994e-5,
    3.488e-5, 3.896e-5, 4.499e-5, 5.175e-5, 6.035e-5, 6.34e-5,
    7.281e-5, 7.923e-5, 8.348e-5, 9.631e-5, 1.044e-4, 1.102e-4,
    1.176e-4, 1.244e-4, 1.283e-4, 1.326e-4, 1.4e-4, 1.395e-4,
    1.387e-4, 1.363e-4, 1.314e-4, 1.241e-4, 1.228e-4, 1.148e-4,
    1.086e-4, 1.018e-4, 8.89e-5, 8.316e-5, 7.292e-5, 6.452e-5,
    5.625e-5, 5.045e-5, 4.38e-5, 3.762e-5, 3.29e-5, 2.836e-5,
    2.485e-5, 2.168e-5, 1.895e-5, 1.659e-5, 1.453e-5, 1.282e-5,
    1.132e-5, 1.001e-5, 8.836e-6, 7.804e-6, 6.922e-6, 6.116e-6,
    5.429e-6, 4.824e-6, 4.278e-6, 3.788e-6, 3.371e-6, 2.985e-6,
    2.649e-6, 2.357e-6, 2.09e-6, 1.858e-6, 1.647e-6, 1.462e-6,
    1.299e-6, 1.155e-6, 1.028e-6, 9.142e-7, 8.132e-7, 7.246e-7,
    6.451e-7, 5.764e-7, 5.151e-7, 4.603e-7, 4.121e-7, 3.694e-7,
    3.318e-7, 2.985e-7, 2.69e-7, 2.428e-7, 2.197e-7, 1.992e-7,
    1.81e-7, 1.649e-7, 1.506e-7, 1.378e-7, 1.265e-7, 1.163e-7,
    1.073e-7, 9.918e-8, 9.191e-8, 8.538e-8, 7.949e-8, 7.419e-8,
    6.94e-8, 6.508e-8, 6.114e-8, 5.761e-8, 5.437e-8, 5.146e-8,
    4.89e-8, 4.636e-8, 4.406e-8, 4.201e-8, 4.015e-8, 3.84e-8,
    3.661e-8, 3.51e-8, 3.377e-8, 3.242e-8, 3.13e-8, 3.015e-8,
    2.918e-8, 2.83e-8, 2.758e-8, 2.707e-8, 2.656e-8, 2.619e-8,
    2.609e-8, 2.615e-8, 2.63e-8, 2.675e-8, 2.745e-8, 2.842e-8,
    2.966e-8, 3.125e-8, 3.318e-8, 3.565e-8, 3.85e-8, 4.191e-8,
    4.59e-8, 5.059e-8, 5.607e-8, 6.239e-8, 6.958e-8, 7.796e-8,
    8.773e-8, 9.88e-8, 1.114e-7, 1.258e-7, 1.422e-7, 1.61e-7,
    1.822e-7, 2.06e-7, 2.337e-7, 2.645e-7, 2.996e-7, 3.393e-7,
    3.843e-7, 4.363e-7, 4.935e-7, 5.607e-7, 6.363e-7, 7.242e-7,
    8.23e-7, 9.411e-7, 1.071e-6, 1.232e-6, 1.402e-6, 1.6e-6, 1.82e-6,
    2.128e-6, 2.386e-6, 2.781e-6, 3.242e-6, 3.653e-6, 4.323e-6,
    4.747e-6, 5.321e-6, 5.919e-6, 6.681e-6, 7.101e-6, 7.983e-6,
    8.342e-6, 8.741e-6, 9.431e-6, 9.952e-6, 1.026e-5, 1.055e-5,
    1.095e-5, 1.095e-5, 1.087e-5, 1.056e-5, 1.026e-5, 9.715e-6,
    9.252e-6, 8.452e-6, 7.958e-6, 7.268e-6, 6.295e-6, 6.003e-6, 5e-6,
    4.591e-6, 3.983e-6, 3.479e-6, 3.058e-6, 2.667e-6, 2.293e-6,
    1.995e-6, 1.747e-6, 1.517e-6, 1.335e-6, 1.165e-6, 1.028e-6,
    9.007e-7, 7.956e-7, 7.015e-7, 6.192e-7, 5.491e-7, 4.859e-7,
    4.297e-7, 3.799e-7, 3.38e-7, 3.002e-7, 2.659e-7, 2.366e-7,
    2.103e-7, 1.861e-7, 1.655e-7, 1.469e-7, 1.309e-7, 1.162e-7,
    1.032e-7, 9.198e-8, 8.181e-8, 7.294e-8, 6.516e-8, 5.787e-8,
    5.163e-8, 4.612e-8, 4.119e-8, 3.695e-8, 3.308e-8, 2.976e-8,
    2.67e-8, 2.407e-8, 2.171e-8, 1.965e-8, 1.78e-8, 1.617e-8,
    1.47e-8, 1.341e-8, 1.227e-8, 1.125e-8, 1.033e-8, 9.524e-9,
    8.797e-9, 8.162e-9, 7.565e-9, 7.04e-9, 6.56e-9, 6.129e-9,
    5.733e-9, 5.376e-9, 5.043e-9, 4.75e-9, 4.466e-9, 4.211e-9,
    3.977e-9, 3.759e-9, 3.558e-9, 3.373e-9, 3.201e-9, 3.043e-9,
    2.895e-9, 2.76e-9, 2.635e-9, 2.518e-9, 2.411e-9, 2.314e-9,
    2.23e-9, 2.151e-9, 2.087e-9, 2.035e-9, 1.988e-9, 1.946e-9,
    1.927e-9, 1.916e-9, 1.916e-9, 1.933e-9, 1.966e-9, 2.018e-9,
    2.09e-9, 2.182e-9, 2.299e-9, 2.442e-9, 2.623e-9, 2.832e-9,
    3.079e-9, 3.368e-9, 3.714e-9, 4.104e-9, 4.567e-9, 5.091e-9,
    5.701e-9, 6.398e-9, 7.194e-9, 8.127e-9, 9.141e-9, 1.035e-8,
    1.177e-8, 1.338e-8, 1.508e-8, 1.711e-8, 1.955e-8, 2.216e-8,
    2.534e-8, 2.871e-8, 3.291e-8, 3.711e-8, 4.285e-8, 4.868e-8,
    5.509e-8, 6.276e-8, 7.262e-8, 8.252e-8, 9.4e-8, 1.064e-7,
    1.247e-7, 1.411e-7, 1.626e-7, 1.827e-7, 2.044e-7, 2.284e-7,
    2.452e-7, 2.854e-7, 3.026e-7, 3.278e-7, 3.474e-7, 3.693e-7,
    3.93e-7, 4.104e-7, 4.22e-7, 4.439e-7, 4.545e-7, 4.778e-7,
    4.812e-7, 5.018e-7, 4.899e-7, 5.075e-7, 5.073e-7, 5.171e-7,
    5.131e-7, 5.25e-7, 5.617e-7, 5.846e-7, 6.239e-7, 6.696e-7,
    7.398e-7, 8.073e-7, 9.15e-7, 1.009e-6, 1.116e-6, 1.264e-6,
    1.439e-6, 1.644e-6, 1.856e-6, 2.147e-6, 2.317e-6, 2.713e-6,
    2.882e-6, 2.99e-6, 3.489e-6, 3.581e-6, 4.033e-6, 4.26e-6,
    4.543e-6, 4.84e-6, 4.826e-6, 5.013e-6, 5.252e-6, 5.277e-6,
    5.306e-6, 5.236e-6, 5.123e-6, 5.171e-6, 4.843e-6, 4.615e-6,
    4.385e-6, 3.97e-6, 3.693e-6, 3.231e-6, 2.915e-6, 2.495e-6,
    2.144e-6, 1.91e-6, 1.639e-6, 1.417e-6, 1.226e-6, 1.065e-6,
    9.29e-7, 8.142e-7, 7.161e-7, 6.318e-7, 5.581e-7, 4.943e-7,
    4.376e-7, 3.884e-7, 3.449e-7, 3.06e-7, 2.712e-7, 2.412e-7,
    2.139e-7, 1.903e-7, 1.689e-7, 1.499e-7, 1.331e-7, 1.183e-7,
    1.05e-7, 9.362e-8, 8.306e-8, 7.403e-8, 6.578e-8, 5.853e-8,
    5.216e-8, 4.632e-8, 4.127e-8, 3.678e-8, 3.279e-8, 2.923e-8,
    2.612e-8, 2.339e-8, 2.094e-8, 1.877e-8, 1.686e-8, 1.516e-8,
    1.366e-8, 1.234e-8, 1.114e-8, 1.012e-8, 9.182e-9, 8.362e-9,
    7.634e-9, 6.981e-9, 6.406e-9, 5.888e-9, 5.428e-9, 5.021e-9,
    4.65e-9, 4.326e-9, 4.033e-9, 3.77e-9, 3.536e-9, 3.327e-9,
    3.141e-9, 2.974e-9, 2.825e-9, 2.697e-9, 2.584e-9, 2.488e-9,
    2.406e-9, 2.34e-9, 2.292e-9, 2.259e-9, 2.244e-9, 2.243e-9,
    2.272e-9, 2.31e-9, 2.378e-9, 2.454e-9, 2.618e-9, 2.672e-9,
    2.831e-9, 3.05e-9, 3.225e-9, 3.425e-9, 3.677e-9, 3.968e-9,
    4.221e-9, 4.639e-9, 4.96e-9, 5.359e-9, 5.649e-9, 6.23e-9,
    6.716e-9, 7.218e-9, 7.746e-9, 7.988e-9, 8.627e-9, 8.999e-9,
    9.442e-9, 9.82e-9, 1.015e-8, 1.06e-8, 1.079e-8, 1.109e-8,
    1.137e-8, 1.186e-8, 1.18e-8, 1.187e-8, 1.194e-8, 1.192e-8,
    1.224e-8, 1.245e-8, 1.246e-8, 1.318e-8, 1.377e-8, 1.471e-8,
    1.582e-8, 1.713e-8, 1.853e-8, 2.063e-8, 2.27e-8, 2.567e-8,
    2.891e-8, 3.264e-8, 3.744e-8, 4.286e-8, 4.915e-8, 5.623e-8,
    6.336e-8, 7.293e-8, 8.309e-8, 9.319e-8, 1.091e-7, 1.243e-7,
    1.348e-7, 1.449e-7, 1.62e-7, 1.846e-7, 1.937e-7, 2.04e-7,
    2.179e-7, 2.298e-7, 2.433e-7, 2.439e-7, 2.464e-7, 2.611e-7,
    2.617e-7, 2.582e-7, 2.453e-7, 2.401e-7, 2.349e-7, 2.203e-7,
    2.066e-7, 1.939e-7, 1.78e-7, 1.558e-7, 1.391e-7, 1.203e-7,
    1.048e-7, 9.464e-8, 8.306e-8, 7.239e-8, 6.317e-8, 5.52e-8,
    4.847e-8, 4.282e-8, 3.796e-8, 3.377e-8, 2.996e-8, 2.678e-8,
    2.4e-8, 2.134e-8, 1.904e-8, 1.705e-8, 1.523e-8, 1.35e-8,
    1.204e-8, 1.07e-8, 9.408e-9, 8.476e-9, 7.47e-9, 6.679e-9,
    5.929e-9, 5.267e-9, 4.711e-9, 4.172e-9, 3.761e-9, 3.288e-9,
    2.929e-9, 2.609e-9, 2.315e-9, 2.042e-9, 1.844e-9, 1.64e-9,
    1.47e-9, 1.31e-9, 1.176e-9, 1.049e-9, 9.377e-10, 8.462e-10,
    7.616e-10, 6.854e-10, 6.191e-10, 5.596e-10, 5.078e-10, 4.611e-10,
    4.197e-10, 3.83e-10, 3.505e-10, 3.215e-10, 2.956e-10, 2.726e-10,
    2.521e-10, 2.338e-10, 2.173e-10, 2.026e-10, 1.895e-10, 1.777e-10,
    1.672e-10, 1.579e-10, 1.496e-10, 1.423e-10, 1.358e-10, 1.302e-10,
    1.254e-10, 1.216e-10, 1.187e-10, 1.163e-10, 1.147e-10, 1.145e-10,
    1.15e-10, 1.17e-10, 1.192e-10, 1.25e-10, 1.298e-10, 1.345e-10,
    1.405e-10, 1.538e-10, 1.648e-10, 1.721e-10, 1.872e-10, 1.968e-10,
    2.089e-10, 2.172e-10, 2.317e-10, 2.389e-10, 2.503e-10, 2.585e-10,
    2.686e-10, 2.8e-10, 2.895e-10, 3.019e-10, 3.037e-10, 3.076e-10,
    3.146e-10, 3.198e-10, 3.332e-10, 3.397e-10, 3.54e-10, 3.667e-10,
    3.895e-10, 4.071e-10, 4.565e-10, 4.983e-10, 5.439e-10, 5.968e-10,
    6.676e-10, 7.456e-10, 8.405e-10, 9.478e-10, 1.064e-9, 1.218e-9,
    1.386e-9, 1.581e-9, 1.787e-9, 2.032e-9, 2.347e-9, 2.677e-9,
    3.008e-9, 3.544e-9, 4.056e-9, 4.687e-9, 5.331e-9, 6.227e-9,
    6.854e-9, 8.139e-9, 8.945e-9, 9.865e-9, 1.125e-8, 1.178e-8,
    1.364e-8, 1.436e-8, 1.54e-8, 1.672e-8, 1.793e-8, 1.906e-8,
    2.036e-8, 2.144e-8, 2.292e-8, 2.371e-8, 2.493e-8, 2.606e-8,
    2.706e-8, 2.866e-8, 3.036e-8, 3.136e-8, 3.405e-8, 3.665e-8,
    3.837e-8, 4.229e-8, 4.748e-8, 5.32e-8, 5.763e-8, 6.677e-8,
    7.216e-8, 7.716e-8, 8.958e-8, 9.419e-8, 1.036e-7, 1.108e-7,
    1.189e-7, 1.246e-7, 1.348e-7, 1.31e-7, 1.361e-7, 1.364e-7,
    1.363e-7, 1.343e-7, 1.293e-7, 1.254e-7, 1.235e-7, 1.158e-7,
    1.107e-7, 9.961e-8, 9.011e-8, 7.91e-8, 6.916e-8, 6.338e-8,
    5.564e-8, 4.827e-8, 4.198e-8, 3.695e-8, 3.276e-8, 2.929e-8,
    2.633e-8, 2.391e-8, 2.192e-8, 2.021e-8, 1.89e-8, 1.772e-8,
    1.667e-8, 1.603e-8, 1.547e-8, 1.537e-8, 1.492e-8, 1.515e-8,
    1.479e-8, 1.45e-8, 1.513e-8, 1.495e-8, 1.529e-8, 1.565e-8,
    1.564e-8, 1.553e-8, 1.569e-8, 1.584e-8, 1.57e-8, 1.538e-8,
    1.513e-8, 1.472e-8, 1.425e-8, 1.349e-8, 1.328e-8, 1.249e-8,
    1.17e-8, 1.077e-8, 9.514e-9, 8.614e-9, 7.46e-9, 6.621e-9,
    5.775e-9, 5.006e-9, 4.308e-9, 3.747e-9, 3.24e-9, 2.84e-9,
    2.481e-9, 2.184e-9, 1.923e-9, 1.71e-9, 1.504e-9, 1.334e-9,
    1.187e-9, 1.053e-9, 9.367e-10, 8.306e-10, 7.419e-10, 6.63e-10,
    5.918e-10, 5.277e-10, 4.717e-10, 4.222e-10, 3.783e-10, 3.39e-10,
    3.036e-10, 2.729e-10, 2.455e-10, 2.211e-10, 1.995e-10, 1.804e-10,
    1.635e-10, 1.485e-10, 1.355e-10, 1.24e-10, 1.139e-10, 1.051e-10,
    9.757e-11, 9.114e-11, 8.577e-11, 8.139e-11, 7.792e-11, 7.52e-11,
    7.39e-11, 7.311e-11, 7.277e-11, 7.482e-11, 7.698e-11, 8.162e-11,
    8.517e-11, 8.968e-11, 9.905e-11, 1.075e-10, 1.187e-10, 1.291e-10,
    1.426e-10, 1.573e-10, 1.734e-10, 1.905e-10, 2.097e-10, 2.28e-10,
    2.473e-10, 2.718e-10, 2.922e-10, 3.128e-10, 3.361e-10, 3.641e-10,
    3.91e-10, 4.196e-10, 4.501e-10, 4.932e-10, 5.258e-10, 5.755e-10,
    6.253e-10, 6.664e-10, 7.344e-10, 7.985e-10, 8.877e-10, 1.005e-9,
    1.118e-9, 1.251e-9, 1.428e-9, 1.61e-9, 1.888e-9, 2.077e-9,
    2.331e-9, 2.751e-9, 3.061e-9, 3.522e-9, 3.805e-9, 4.181e-9,
    4.575e-9, 5.167e-9, 5.634e-9, 6.007e-9, 6.501e-9, 6.829e-9,
    7.211e-9, 7.262e-9, 7.696e-9, 7.832e-9, 7.799e-9, 7.651e-9,
    7.304e-9, 7.15e-9, 6.977e-9, 6.603e-9, 6.209e-9, 5.69e-9,
    5.432e-9, 4.764e-9, 4.189e-9, 3.64e-9, 3.203e-9, 2.848e-9,
    2.51e-9, 2.194e-9, 1.946e-9, 1.75e-9, 1.567e-9, 1.426e-9,
    1.302e-9, 1.197e-9, 1.109e-9, 1.035e-9, 9.719e-10, 9.207e-10,
    8.957e-10, 8.578e-10, 8.262e-10, 8.117e-10, 7.987e-10, 7.875e-10,
    7.741e-10, 7.762e-10, 7.537e-10, 7.424e-10, 7.474e-10, 7.294e-10,
    7.216e-10, 7.233e-10, 7.075e-10, 6.892e-10, 6.618e-10, 6.314e-10,
    6.208e-10, 5.689e-10, 5.55e-10, 4.984e-10, 4.6e-10, 4.078e-10,
    3.879e-10, 3.459e-10, 2.982e-10, 2.626e-10, 2.329e-10, 1.988e-10,
    1.735e-10, 1.487e-10, 1.297e-10, 1.133e-10, 9.943e-11, 8.736e-11,
    7.726e-11, 6.836e-11, 6.053e-11, 5.384e-11, 4.789e-11, 4.267e-11,
    3.804e-11, 3.398e-11, 3.034e-11, 2.71e-11, 2.425e-11, 2.173e-11,
    1.95e-11, 1.752e-11, 1.574e-11, 1.418e-11, 1.278e-11, 1.154e-11,
    1.044e-11, 9.463e-12, 8.602e-12, 7.841e-12, 7.171e-12, 6.584e-12,
    6.073e-12, 5.631e-12, 5.254e-12, 4.937e-12, 4.679e-12, 4.476e-12,
    4.328e-12, 4.233e-12, 4.194e-12, 4.211e-12, 4.286e-12, 4.424e-12,
    4.628e-12, 4.906e-12, 5.262e-12, 5.708e-12, 6.254e-12, 6.914e-12,
    7.714e-12, 8.677e-12, 9.747e-12, 1.101e-11, 1.256e-11, 1.409e-11,
    1.597e-11, 1.807e-11, 2.034e-11, 2.316e-11, 2.622e-11, 2.962e-11,
    3.369e-11, 3.819e-11, 4.329e-11, 4.932e-11, 5.589e-11, 6.364e-11,
    7.284e-11, 8.236e-11, 9.447e-11, 1.078e-10, 1.229e-10, 1.417e-10,
    1.614e-10, 1.843e-10, 2.107e-10, 2.406e-10, 2.728e-10, 3.195e-10,
    3.595e-10, 4.153e-10, 4.736e-10, 5.41e-10, 6.088e-10, 6.769e-10,
    7.691e-10, 8.545e-10, 9.621e-10, 1.047e-9, 1.161e-9, 1.296e-9,
    1.424e-9, 1.576e-9, 1.739e-9, 1.893e-9, 2.08e-9, 2.336e-9,
    2.604e-9, 2.76e-9, 3.001e-9, 3.365e-9, 3.55e-9, 3.895e-9,
    4.183e-9, 4.614e-9, 4.846e-9, 5.068e-9, 5.427e-9, 5.541e-9,
    5.864e-9, 5.997e-9, 5.997e-9, 6.061e-9, 5.944e-9, 5.855e-9,
    5.661e-9, 5.523e-9, 5.374e-9, 4.94e-9, 4.688e-9, 4.17e-9,
    3.913e-9, 3.423e-9, 2.997e-9, 2.598e-9, 2.253e-9, 1.946e-9,
    1.71e-9, 1.507e-9, 1.336e-9, 1.19e-9, 1.068e-9, 9.623e-10,
    8.772e-10, 8.007e-10, 7.42e-10, 6.884e-10, 6.483e-10, 6.162e-10,
    5.922e-10, 5.688e-10, 5.654e-10, 5.637e-10, 5.701e-10, 5.781e-10,
    5.874e-10, 6.268e-10, 6.357e-10, 6.525e-10, 7.137e-10, 7.441e-10,
    8.024e-10, 8.485e-10, 9.143e-10, 9.536e-10, 9.717e-10, 1.018e-9,
    1.042e-9, 1.054e-9, 1.092e-9, 1.079e-9, 1.064e-9, 1.043e-9,
    1.02e-9, 9.687e-10, 9.273e-10, 9.208e-10, 9.068e-10, 7.687e-10,
    7.385e-10, 6.595e-10, 5.87e-10, 5.144e-10, 4.417e-10, 3.804e-10,
    3.301e-10, 2.866e-10, 2.509e-10, 2.202e-10, 1.947e-10, 1.719e-10,
    1.525e-10, 1.361e-10, 1.21e-10, 1.084e-10, 9.8e-11, 8.801e-11,
    7.954e-11, 7.124e-11, 6.335e-11, 5.76e-11, 5.132e-11, 4.601e-11,
    4.096e-11, 3.657e-11, 3.25e-11, 2.909e-11, 2.587e-11, 2.297e-11,
    2.05e-11, 1.828e-11, 1.632e-11, 1.462e-11, 1.314e-11, 1.185e-11,
    1.073e-11, 9.76e-12, 8.922e-12, 8.206e-12, 7.602e-12, 7.1e-12,
    6.694e-12, 6.378e-12, 6.149e-12, 6.004e-12, 5.941e-12, 5.962e-12,
    6.069e-12, 6.265e-12, 6.551e-12, 6.935e-12, 7.457e-12, 8.074e-12,
    8.811e-12, 9.852e-12, 1.086e-11, 1.207e-11, 1.361e-11, 1.553e-11,
    1.737e-11, 1.93e-11, 2.175e-11, 2.41e-11, 2.706e-11, 3.023e-11,
    3.313e-11, 3.657e-11, 4.118e-11, 4.569e-11, 5.025e-11, 5.66e-11,
    6.231e-11, 6.881e-11, 7.996e-11, 8.526e-11, 9.694e-11, 1.106e-10,
    1.222e-10, 1.355e-10, 1.525e-10, 1.775e-10, 1.924e-10, 2.181e-10,
    2.379e-10, 2.662e-10, 2.907e-10, 3.154e-10, 3.366e-10, 3.579e-10,
    3.858e-10, 4.046e-10, 4.196e-10, 4.166e-10, 4.457e-10, 4.466e-10,
    4.404e-10, 4.337e-10, 4.15e-10, 4.083e-10, 3.91e-10, 3.723e-10,
    3.514e-10, 3.303e-10, 2.847e-10, 2.546e-10, 2.23e-10, 1.994e-10,
    1.733e-10, 1.488e-10, 1.297e-10, 1.144e-10, 1.004e-10, 8.741e-11,
    7.928e-11, 7.034e-11, 6.323e-11, 5.754e-11, 5.25e-11, 4.85e-11,
    4.502e-11, 4.286e-11, 4.028e-11, 3.899e-11, 3.824e-11, 3.761e-11,
    3.804e-11, 3.839e-11, 3.845e-11, 4.244e-11, 4.382e-11, 4.582e-11,
    4.847e-11, 5.209e-11, 5.384e-11, 5.887e-11, 6.371e-11, 6.737e-11,
    7.168e-11, 7.415e-11, 7.827e-11, 8.037e-11, 8.12e-11, 8.071e-11,
    8.008e-11, 7.851e-11, 7.544e-11, 7.377e-11, 7.173e-11, 6.801e-11,
    6.267e-11, 5.727e-11, 5.288e-11, 4.853e-11, 4.082e-11, 3.645e-11,
    3.136e-11, 2.672e-11, 2.304e-11, 1.986e-11, 1.725e-11, 1.503e-11,
    1.315e-11, 1.153e-11, 1.014e-11, 8.942e-12, 7.901e-12, 6.993e-12,
    6.199e-12, 5.502e-12, 4.89e-12, 4.351e-12, 3.878e-12, 3.461e-12,
    3.094e-12, 2.771e-12, 2.488e-12, 2.241e-12, 2.025e-12, 1.838e-12,
    1.677e-12, 1.541e-12, 1.427e-12, 1.335e-12, 1.262e-12, 1.209e-12,
    1.176e-12, 1.161e-12, 1.165e-12, 1.189e-12, 1.234e-12, 1.3e-12,
    1.389e-12, 1.503e-12, 1.644e-12, 1.814e-12, 2.017e-12, 2.255e-12,
    2.534e-12, 2.858e-12, 3.231e-12, 3.661e-12, 4.153e-12, 4.717e-12,
    5.36e-12, 6.094e-12, 6.93e-12, 7.882e-12, 8.966e-12, 1.02e-11,
    1.162e-11, 1.324e-11, 1.51e-11, 1.72e-11, 1.965e-11, 2.237e-11,
    2.56e-11, 2.927e-11, 3.371e-11, 3.842e-11, 4.429e-11, 5.139e-11,
    5.798e-11, 6.697e-11, 7.626e-11, 8.647e-11, 1.022e-10, 1.136e-10,
    1.3e-10, 1.481e-10, 1.672e-10, 1.871e-10, 2.126e-10, 2.357e-10,
    2.583e-10, 2.997e-10, 3.289e-10, 3.702e-10, 4.012e-10, 4.319e-10,
    4.527e-10, 5.001e-10, 5.448e-10, 5.611e-10, 5.76e-10, 5.965e-10,
    6.079e-10, 6.207e-10, 6.276e-10, 6.222e-10, 6.137e-10, 6e-10,
    5.814e-10, 5.393e-10, 5.35e-10, 4.947e-10, 4.629e-10, 4.117e-10,
    3.712e-10, 3.372e-10, 2.923e-10, 2.55e-10, 2.232e-10, 1.929e-10,
    1.679e-10, 1.46e-10, 1.289e-10, 1.13e-10, 9.953e-11, 8.763e-11,
    7.76e-11, 6.9e-11, 6.16e-11, 5.525e-11, 4.958e-11, 4.489e-11,
    4.072e-11, 3.728e-11, 3.438e-11, 3.205e-11, 3.006e-11, 2.848e-11,
    2.766e-11, 2.688e-11, 2.664e-11, 2.67e-11, 2.696e-11, 2.786e-11,
    2.861e-11, 3.009e-11, 3.178e-11, 3.389e-11, 3.587e-11, 3.819e-11,
    4.054e-11, 4.417e-11, 4.703e-11, 5.137e-11, 5.46e-11, 6.055e-11,
    6.333e-11, 6.773e-11, 7.219e-11, 7.717e-11, 8.131e-11, 8.491e-11,
    8.574e-11, 9.01e-11, 9.017e-11, 8.999e-11, 8.959e-11, 8.838e-11,
    8.579e-11, 8.162e-11, 8.098e-11, 7.472e-11, 7.108e-11, 6.559e-11,
    5.994e-11, 5.172e-11, 4.424e-11, 3.951e-11, 3.34e-11, 2.902e-11,
    2.541e-11, 2.215e-11, 1.945e-11, 1.716e-11, 1.503e-11, 1.339e-11,
    1.185e-11, 1.05e-11, 9.336e-12, 8.307e-12, 7.312e-12, 6.55e-12,
    5.836e-12, 5.178e-12, 4.6e-12, 4.086e-12, 3.639e-12, 3.247e-12,
    2.904e-12, 2.604e-12, 2.341e-12, 2.112e-12, 1.914e-12, 1.744e-12,
    1.598e-12, 1.476e-12, 1.374e-12, 1.293e-12, 1.23e-12, 1.185e-12,
    1.158e-12, 1.147e-12, 1.154e-12, 1.177e-12, 1.219e-12, 1.28e-12,
    1.36e-12, 1.463e-12, 1.591e-12, 1.75e-12, 1.94e-12, 2.156e-12,
    2.43e-12, 2.748e-12, 3.052e-12, 3.533e-12, 3.967e-12, 4.471e-12,
    5.041e-12, 5.86e-12, 6.664e-12, 7.522e-12, 8.342e-12, 9.412e-12,
    1.072e-11, 1.213e-11, 1.343e-11, 1.496e-11, 1.664e-11, 1.822e-11,
    2.029e-11, 2.233e-11, 2.457e-11, 2.709e-11, 2.928e-11, 3.115e-11,
    3.356e-11, 3.592e-11, 3.818e-11, 3.936e-11, 4.061e-11, 4.149e-11,
    4.299e-11, 4.223e-11, 4.251e-11, 4.287e-11, 4.177e-11, 4.094e-11,
    3.942e-11, 3.772e-11, 3.614e-11, 3.394e-11, 3.222e-11, 2.791e-11,
    2.665e-11, 2.309e-11, 2.032e-11, 1.74e-11, 1.535e-11, 1.323e-11,
    1.151e-11, 9.803e-12, 8.65e-12, 7.54e-12, 6.619e-12, 5.832e-12,
    5.113e-12, 4.503e-12, 3.975e-12, 3.52e-12, 3.112e-12, 2.797e-12,
    2.5e-12, 2.24e-12, 2.013e-12, 1.819e-12, 1.653e-12, 1.513e-12,
    1.395e-12, 1.299e-12, 1.225e-12, 1.168e-12, 1.124e-12, 1.148e-12,
    1.107e-12, 1.128e-12, 1.169e-12, 1.233e-12, 1.307e-12, 1.359e-12,
    1.543e-12, 1.686e-12, 1.794e-12, 2.028e-12, 2.21e-12, 2.441e-12,
    2.653e-12, 2.828e-12, 3.093e-12, 3.28e-12, 3.551e-12, 3.677e-12,
    3.803e-12, 3.844e-12, 4.068e-12, 4.093e-12, 4.002e-12, 3.904e-12,
    3.624e-12, 3.633e-12, 3.622e-12, 3.443e-12, 3.184e-12, 2.934e-12,
    2.476e-12, 2.212e-12, 1.867e-12, 1.594e-12, 1.37e-12, 1.192e-12,
    1.045e-12, 9.211e-13, 8.17e-13, 7.29e-13, 6.55e-13, 5.929e-13,
    5.415e-13, 4.995e-13, 4.661e-13, 4.406e-13, 4.225e-13, 4.116e-13,
    4.075e-13, 4.102e-13, 4.198e-13, 4.365e-13, 4.606e-13, 4.925e-13,
    5.326e-13, 5.818e-13, 6.407e-13, 7.104e-13, 7.92e-13, 8.868e-13,
    9.964e-13, 1.123e-12, 1.268e-12, 1.434e-12, 1.626e-12, 1.848e-12,
    2.107e-12, 2.422e-12, 2.772e-12, 3.145e-12, 3.704e-12, 4.27e-12,
    4.721e-12, 5.361e-12, 6.083e-12, 7.095e-12, 7.968e-12, 9.228e-12,
    1.048e-11, 1.187e-11, 1.336e-11, 1.577e-11, 1.772e-11, 2.017e-11,
    2.25e-11, 2.63e-11, 2.911e-11, 3.356e-11, 3.82e-11, 4.173e-11,
    4.811e-11, 5.254e-11, 5.839e-11, 6.187e-11, 6.805e-11, 7.118e-11,
    7.369e-11, 7.664e-11, 7.794e-11, 7.947e-11, 8.036e-11, 7.954e-11,
    7.849e-11, 7.518e-11, 7.462e-11, 6.926e-11, 6.531e-11, 6.197e-11,
    5.421e-11, 4.777e-11, 4.111e-11, 3.679e-11, 3.166e-11, 2.786e-11,
    2.436e-11, 2.144e-11, 1.859e-11, 1.628e-11, 1.414e-11, 1.237e-11,
    1.093e-11, 9.558e-12
  };

  static double const (h2o260)[2001] = { .2752, .2732, .2749, .2676, .2667, .2545,
    .2497, .2327, .2218, .2036, .1825, .1694, .1497, .1353, .121,
    .1014, .09405, .07848, .07195, .06246, .05306, .04853, .04138,
    .03735, .03171, .02785, .02431, .02111, .01845, .0164, .01405,
    .01255, .01098, .009797, .008646, .007779, .006898, .006099,
    .005453, .004909, .004413, .003959, .003581, .003199, .002871,
    .002583, .00233, .002086, .001874, .001684, .001512, .001361,
    .001225, .0011, 9.89e-4, 8.916e-4, 8.039e-4, 7.256e-4, 6.545e-4,
    5.918e-4, 5.359e-4, 4.867e-4, 4.426e-4, 4.033e-4, 3.682e-4,
    3.366e-4, 3.085e-4, 2.833e-4, 2.605e-4, 2.403e-4, 2.221e-4,
    2.055e-4, 1.908e-4, 1.774e-4, 1.653e-4, 1.544e-4, 1.443e-4,
    1.351e-4, 1.267e-4, 1.19e-4, 1.119e-4, 1.053e-4, 9.922e-5,
    9.355e-5, 8.831e-5, 8.339e-5, 7.878e-5, 7.449e-5, 7.043e-5,
    6.664e-5, 6.307e-5, 5.969e-5, 5.654e-5, 5.357e-5, 5.075e-5,
    4.81e-5, 4.56e-5, 4.322e-5, 4.102e-5, 3.892e-5, 3.696e-5,
    3.511e-5, 3.339e-5, 3.177e-5, 3.026e-5, 2.886e-5, 2.756e-5,
    2.636e-5, 2.527e-5, 2.427e-5, 2.337e-5, 2.257e-5, 2.185e-5,
    2.127e-5, 2.08e-5, 2.041e-5, 2.013e-5, 2e-5, 1.997e-5, 2.009e-5,
    2.031e-5, 2.068e-5, 2.124e-5, 2.189e-5, 2.267e-5, 2.364e-5,
    2.463e-5, 2.618e-5, 2.774e-5, 2.937e-5, 3.144e-5, 3.359e-5,
    3.695e-5, 4.002e-5, 4.374e-5, 4.947e-5, 5.431e-5, 6.281e-5,
    7.169e-5, 8.157e-5, 9.728e-5, 1.079e-4, 1.337e-4, 1.442e-4,
    1.683e-4, 1.879e-4, 2.223e-4, 2.425e-4, 2.838e-4, 3.143e-4,
    3.527e-4, 4.012e-4, 4.237e-4, 4.747e-4, 5.057e-4, 5.409e-4,
    5.734e-4, 5.944e-4, 6.077e-4, 6.175e-4, 6.238e-4, 6.226e-4,
    6.248e-4, 6.192e-4, 6.098e-4, 5.818e-4, 5.709e-4, 5.465e-4,
    5.043e-4, 4.699e-4, 4.294e-4, 3.984e-4, 3.672e-4, 3.152e-4,
    2.883e-4, 2.503e-4, 2.211e-4, 1.92e-4, 1.714e-4, 1.485e-4,
    1.358e-4, 1.156e-4, 1.021e-4, 8.887e-5, 7.842e-5, 7.12e-5,
    6.186e-5, 5.73e-5, 4.792e-5, 4.364e-5, 3.72e-5, 3.28e-5,
    2.946e-5, 2.591e-5, 2.261e-5, 2.048e-5, 1.813e-5, 1.63e-5,
    1.447e-5, 1.282e-5, 1.167e-5, 1.041e-5, 9.449e-6, 8.51e-6,
    7.596e-6, 6.961e-6, 6.272e-6, 5.728e-6, 5.198e-6, 4.667e-6,
    4.288e-6, 3.897e-6, 3.551e-6, 3.235e-6, 2.952e-6, 2.688e-6,
    2.449e-6, 2.241e-6, 2.05e-6, 1.879e-6, 1.722e-6, 1.582e-6,
    1.456e-6, 1.339e-6, 1.236e-6, 1.144e-6, 1.06e-6, 9.83e-7,
    9.149e-7, 8.535e-7, 7.973e-7, 7.466e-7, 6.999e-7, 6.574e-7,
    6.18e-7, 5.821e-7, 5.487e-7, 5.18e-7, 4.896e-7, 4.631e-7,
    4.386e-7, 4.16e-7, 3.945e-7, 3.748e-7, 3.562e-7, 3.385e-7,
    3.222e-7, 3.068e-7, 2.922e-7, 2.788e-7, 2.659e-7, 2.539e-7,
    2.425e-7, 2.318e-7, 2.219e-7, 2.127e-7, 2.039e-7, 1.958e-7,
    1.885e-7, 1.818e-7, 1.758e-7, 1.711e-7, 1.662e-7, 1.63e-7,
    1.605e-7, 1.58e-7, 1.559e-7, 1.545e-7, 1.532e-7, 1.522e-7,
    1.51e-7, 1.495e-7, 1.465e-7, 1.483e-7, 1.469e-7, 1.448e-7,
    1.444e-7, 1.436e-7, 1.426e-7, 1.431e-7, 1.425e-7, 1.445e-7,
    1.477e-7, 1.515e-7, 1.567e-7, 1.634e-7, 1.712e-7, 1.802e-7,
    1.914e-7, 2.024e-7, 2.159e-7, 2.295e-7, 2.461e-7, 2.621e-7,
    2.868e-7, 3.102e-7, 3.394e-7, 3.784e-7, 4.223e-7, 4.864e-7,
    5.501e-7, 6.039e-7, 7.193e-7, 7.728e-7, 9.514e-7, 1.073e-6,
    1.18e-6, 1.333e-6, 1.472e-6, 1.566e-6, 1.677e-6, 1.784e-6,
    1.904e-6, 1.953e-6, 2.02e-6, 2.074e-6, 2.128e-6, 2.162e-6,
    2.219e-6, 2.221e-6, 2.249e-6, 2.239e-6, 2.235e-6, 2.185e-6,
    2.141e-6, 2.124e-6, 2.09e-6, 2.068e-6, 2.1e-6, 2.104e-6,
    2.142e-6, 2.181e-6, 2.257e-6, 2.362e-6, 2.5e-6, 2.664e-6,
    2.884e-6, 3.189e-6, 3.48e-6, 3.847e-6, 4.313e-6, 4.79e-6,
    5.25e-6, 5.989e-6, 6.692e-6, 7.668e-6, 8.52e-6, 9.606e-6,
    1.073e-5, 1.225e-5, 1.377e-5, 1.582e-5, 1.761e-5, 2.029e-5,
    2.284e-5, 2.602e-5, 2.94e-5, 3.483e-5, 3.928e-5, 4.618e-5,
    5.24e-5, 6.132e-5, 7.183e-5, 8.521e-5, 9.111e-5, 1.07e-4,
    1.184e-4, 1.264e-4, 1.475e-4, 1.612e-4, 1.704e-4, 1.818e-4,
    1.924e-4, 1.994e-4, 2.061e-4, 2.18e-4, 2.187e-4, 2.2e-4,
    2.196e-4, 2.131e-4, 2.015e-4, 1.988e-4, 1.847e-4, 1.729e-4,
    1.597e-4, 1.373e-4, 1.262e-4, 1.087e-4, 9.439e-5, 8.061e-5,
    7.093e-5, 6.049e-5, 5.12e-5, 4.435e-5, 3.817e-5, 3.34e-5,
    2.927e-5, 2.573e-5, 2.291e-5, 2.04e-5, 1.827e-5, 1.636e-5,
    1.463e-5, 1.309e-5, 1.17e-5, 1.047e-5, 9.315e-6, 8.328e-6,
    7.458e-6, 6.665e-6, 5.94e-6, 5.316e-6, 4.752e-6, 4.252e-6,
    3.825e-6, 3.421e-6, 3.064e-6, 2.746e-6, 2.465e-6, 2.216e-6,
    1.99e-6, 1.79e-6, 1.609e-6, 1.449e-6, 1.306e-6, 1.177e-6,
    1.063e-6, 9.607e-7, 8.672e-7, 7.855e-7, 7.118e-7, 6.46e-7,
    5.871e-7, 5.34e-7, 4.868e-7, 4.447e-7, 4.068e-7, 3.729e-7,
    3.423e-7, 3.151e-7, 2.905e-7, 2.686e-7, 2.484e-7, 2.306e-7,
    2.142e-7, 1.995e-7, 1.86e-7, 1.738e-7, 1.626e-7, 1.522e-7,
    1.427e-7, 1.338e-7, 1.258e-7, 1.183e-7, 1.116e-7, 1.056e-7,
    9.972e-8, 9.46e-8, 9.007e-8, 8.592e-8, 8.195e-8, 7.816e-8,
    7.483e-8, 7.193e-8, 6.892e-8, 6.642e-8, 6.386e-8, 6.154e-8,
    5.949e-8, 5.764e-8, 5.622e-8, 5.479e-8, 5.364e-8, 5.301e-8,
    5.267e-8, 5.263e-8, 5.313e-8, 5.41e-8, 5.55e-8, 5.745e-8,
    6.003e-8, 6.311e-8, 6.713e-8, 7.173e-8, 7.724e-8, 8.368e-8,
    9.121e-8, 9.986e-8, 1.097e-7, 1.209e-7, 1.338e-7, 1.486e-7,
    1.651e-7, 1.837e-7, 2.048e-7, 2.289e-7, 2.557e-7, 2.857e-7,
    3.195e-7, 3.587e-7, 4.015e-7, 4.497e-7, 5.049e-7, 5.665e-7,
    6.366e-7, 7.121e-7, 7.996e-7, 8.946e-7, 1.002e-6, 1.117e-6,
    1.262e-6, 1.416e-6, 1.611e-6, 1.807e-6, 2.056e-6, 2.351e-6,
    2.769e-6, 3.138e-6, 3.699e-6, 4.386e-6, 5.041e-6, 6.074e-6,
    6.812e-6, 7.79e-6, 8.855e-6, 1.014e-5, 1.095e-5, 1.245e-5,
    1.316e-5, 1.39e-5, 1.504e-5, 1.583e-5, 1.617e-5, 1.652e-5,
    1.713e-5, 1.724e-5, 1.715e-5, 1.668e-5, 1.629e-5, 1.552e-5,
    1.478e-5, 1.34e-5, 1.245e-5, 1.121e-5, 9.575e-6, 8.956e-6,
    7.345e-6, 6.597e-6, 5.612e-6, 4.818e-6, 4.165e-6, 3.579e-6,
    3.041e-6, 2.623e-6, 2.29e-6, 1.984e-6, 1.748e-6, 1.534e-6,
    1.369e-6, 1.219e-6, 1.092e-6, 9.8e-7, 8.762e-7, 7.896e-7,
    7.104e-7, 6.364e-7, 5.691e-7, 5.107e-7, 4.575e-7, 4.09e-7,
    3.667e-7, 3.287e-7, 2.931e-7, 2.633e-7, 2.356e-7, 2.111e-7,
    1.895e-7, 1.697e-7, 1.525e-7, 1.369e-7, 1.233e-7, 1.114e-7,
    9.988e-8, 9.004e-8, 8.149e-8, 7.352e-8, 6.662e-8, 6.03e-8,
    5.479e-8, 4.974e-8, 4.532e-8, 4.129e-8, 3.781e-8, 3.462e-8,
    3.176e-8, 2.919e-8, 2.687e-8, 2.481e-8, 2.292e-8, 2.119e-8,
    1.967e-8, 1.828e-8, 1.706e-8, 1.589e-8, 1.487e-8, 1.393e-8,
    1.307e-8, 1.228e-8, 1.156e-8, 1.089e-8, 1.028e-8, 9.696e-9,
    9.159e-9, 8.658e-9, 8.187e-9, 7.746e-9, 7.34e-9, 6.953e-9,
    6.594e-9, 6.259e-9, 5.948e-9, 5.66e-9, 5.386e-9, 5.135e-9,
    4.903e-9, 4.703e-9, 4.515e-9, 4.362e-9, 4.233e-9, 4.117e-9,
    4.017e-9, 3.962e-9, 3.924e-9, 3.905e-9, 3.922e-9, 3.967e-9,
    4.046e-9, 4.165e-9, 4.32e-9, 4.522e-9, 4.769e-9, 5.083e-9,
    5.443e-9, 5.872e-9, 6.366e-9, 6.949e-9, 7.601e-9, 8.371e-9,
    9.22e-9, 1.02e-8, 1.129e-8, 1.251e-8, 1.393e-8, 1.542e-8,
    1.72e-8, 1.926e-8, 2.152e-8, 2.392e-8, 2.678e-8, 3.028e-8,
    3.39e-8, 3.836e-8, 4.309e-8, 4.9e-8, 5.481e-8, 6.252e-8,
    7.039e-8, 7.883e-8, 8.849e-8, 1.012e-7, 1.142e-7, 1.3e-7,
    1.475e-7, 1.732e-7, 1.978e-7, 2.304e-7, 2.631e-7, 2.988e-7,
    3.392e-7, 3.69e-7, 4.355e-7, 4.672e-7, 5.11e-7, 5.461e-7,
    5.828e-7, 6.233e-7, 6.509e-7, 6.672e-7, 6.969e-7, 7.104e-7,
    7.439e-7, 7.463e-7, 7.708e-7, 7.466e-7, 7.668e-7, 7.549e-7,
    7.586e-7, 7.384e-7, 7.439e-7, 7.785e-7, 7.915e-7, 8.31e-7,
    8.745e-7, 9.558e-7, 1.038e-6, 1.173e-6, 1.304e-6, 1.452e-6,
    1.671e-6, 1.931e-6, 2.239e-6, 2.578e-6, 3.032e-6, 3.334e-6,
    3.98e-6, 4.3e-6, 4.518e-6, 5.321e-6, 5.508e-6, 6.211e-6, 6.59e-6,
    7.046e-6, 7.555e-6, 7.558e-6, 7.875e-6, 8.319e-6, 8.433e-6,
    8.59e-6, 8.503e-6, 8.304e-6, 8.336e-6, 7.739e-6, 7.301e-6,
    6.827e-6, 6.078e-6, 5.551e-6, 4.762e-6, 4.224e-6, 3.538e-6,
    2.984e-6, 2.619e-6, 2.227e-6, 1.923e-6, 1.669e-6, 1.462e-6,
    1.294e-6, 1.155e-6, 1.033e-6, 9.231e-7, 8.238e-7, 7.36e-7,
    6.564e-7, 5.869e-7, 5.236e-7, 4.673e-7, 4.174e-7, 3.736e-7,
    3.33e-7, 2.976e-7, 2.657e-7, 2.367e-7, 2.106e-7, 1.877e-7,
    1.671e-7, 1.494e-7, 1.332e-7, 1.192e-7, 1.065e-7, 9.558e-8,
    8.586e-8, 7.717e-8, 6.958e-8, 6.278e-8, 5.666e-8, 5.121e-8,
    4.647e-8, 4.213e-8, 3.815e-8, 3.459e-8, 3.146e-8, 2.862e-8,
    2.604e-8, 2.375e-8, 2.162e-8, 1.981e-8, 1.817e-8, 1.67e-8,
    1.537e-8, 1.417e-8, 1.31e-8, 1.215e-8, 1.128e-8, 1.05e-8,
    9.793e-9, 9.158e-9, 8.586e-9, 8.068e-9, 7.595e-9, 7.166e-9,
    6.778e-9, 6.427e-9, 6.108e-9, 5.826e-9, 5.571e-9, 5.347e-9,
    5.144e-9, 4.968e-9, 4.822e-9, 4.692e-9, 4.589e-9, 4.506e-9,
    4.467e-9, 4.44e-9, 4.466e-9, 4.515e-9, 4.718e-9, 4.729e-9,
    4.937e-9, 5.249e-9, 5.466e-9, 5.713e-9, 6.03e-9, 6.436e-9,
    6.741e-9, 7.33e-9, 7.787e-9, 8.414e-9, 8.908e-9, 9.868e-9,
    1.069e-8, 1.158e-8, 1.253e-8, 1.3e-8, 1.409e-8, 1.47e-8,
    1.548e-8, 1.612e-8, 1.666e-8, 1.736e-8, 1.763e-8, 1.812e-8,
    1.852e-8, 1.923e-8, 1.897e-8, 1.893e-8, 1.888e-8, 1.868e-8,
    1.895e-8, 1.899e-8, 1.876e-8, 1.96e-8, 2.02e-8, 2.121e-8,
    2.239e-8, 2.379e-8, 2.526e-8, 2.766e-8, 2.994e-8, 3.332e-8,
    3.703e-8, 4.158e-8, 4.774e-8, 5.499e-8, 6.355e-8, 7.349e-8,
    8.414e-8, 9.846e-8, 1.143e-7, 1.307e-7, 1.562e-7, 1.817e-7,
    2.011e-7, 2.192e-7, 2.485e-7, 2.867e-7, 3.035e-7, 3.223e-7,
    3.443e-7, 3.617e-7, 3.793e-7, 3.793e-7, 3.839e-7, 4.081e-7,
    4.117e-7, 4.085e-7, 3.92e-7, 3.851e-7, 3.754e-7, 3.49e-7,
    3.229e-7, 2.978e-7, 2.691e-7, 2.312e-7, 2.029e-7, 1.721e-7,
    1.472e-7, 1.308e-7, 1.132e-7, 9.736e-8, 8.458e-8, 7.402e-8,
    6.534e-8, 5.811e-8, 5.235e-8, 4.762e-8, 4.293e-8, 3.896e-8,
    3.526e-8, 3.165e-8, 2.833e-8, 2.551e-8, 2.288e-8, 2.036e-8,
    1.82e-8, 1.626e-8, 1.438e-8, 1.299e-8, 1.149e-8, 1.03e-8,
    9.148e-9, 8.122e-9, 7.264e-9, 6.425e-9, 5.777e-9, 5.06e-9,
    4.502e-9, 4.013e-9, 3.567e-9, 3.145e-9, 2.864e-9, 2.553e-9,
    2.311e-9, 2.087e-9, 1.886e-9, 1.716e-9, 1.556e-9, 1.432e-9,
    1.311e-9, 1.202e-9, 1.104e-9, 1.013e-9, 9.293e-10, 8.493e-10,
    7.79e-10, 7.185e-10, 6.642e-10, 6.141e-10, 5.684e-10, 5.346e-10,
    5.032e-10, 4.725e-10, 4.439e-10, 4.176e-10, 3.93e-10, 3.714e-10,
    3.515e-10, 3.332e-10, 3.167e-10, 3.02e-10, 2.887e-10, 2.769e-10,
    2.665e-10, 2.578e-10, 2.503e-10, 2.436e-10, 2.377e-10, 2.342e-10,
    2.305e-10, 2.296e-10, 2.278e-10, 2.321e-10, 2.355e-10, 2.402e-10,
    2.478e-10, 2.67e-10, 2.848e-10, 2.982e-10, 3.263e-10, 3.438e-10,
    3.649e-10, 3.829e-10, 4.115e-10, 4.264e-10, 4.473e-10, 4.63e-10,
    4.808e-10, 4.995e-10, 5.142e-10, 5.313e-10, 5.318e-10, 5.358e-10,
    5.452e-10, 5.507e-10, 5.698e-10, 5.782e-10, 5.983e-10, 6.164e-10,
    6.532e-10, 6.811e-10, 7.624e-10, 8.302e-10, 9.067e-10, 9.937e-10,
    1.104e-9, 1.221e-9, 1.361e-9, 1.516e-9, 1.675e-9, 1.883e-9,
    2.101e-9, 2.349e-9, 2.614e-9, 2.92e-9, 3.305e-9, 3.724e-9,
    4.142e-9, 4.887e-9, 5.614e-9, 6.506e-9, 7.463e-9, 8.817e-9,
    9.849e-9, 1.187e-8, 1.321e-8, 1.474e-8, 1.698e-8, 1.794e-8,
    2.09e-8, 2.211e-8, 2.362e-8, 2.556e-8, 2.729e-8, 2.88e-8,
    3.046e-8, 3.167e-8, 3.367e-8, 3.457e-8, 3.59e-8, 3.711e-8,
    3.826e-8, 4.001e-8, 4.211e-8, 4.315e-8, 4.661e-8, 5.01e-8,
    5.249e-8, 5.84e-8, 6.628e-8, 7.512e-8, 8.253e-8, 9.722e-8,
    1.067e-7, 1.153e-7, 1.347e-7, 1.428e-7, 1.577e-7, 1.694e-7,
    1.833e-7, 1.938e-7, 2.108e-7, 2.059e-7, 2.157e-7, 2.185e-7,
    2.208e-7, 2.182e-7, 2.093e-7, 2.014e-7, 1.962e-7, 1.819e-7,
    1.713e-7, 1.51e-7, 1.34e-7, 1.154e-7, 9.89e-8, 8.88e-8, 7.673e-8,
    6.599e-8, 5.73e-8, 5.081e-8, 4.567e-8, 4.147e-8, 3.773e-8,
    3.46e-8, 3.194e-8, 2.953e-8, 2.759e-8, 2.594e-8, 2.442e-8,
    2.355e-8, 2.283e-8, 2.279e-8, 2.231e-8, 2.279e-8, 2.239e-8,
    2.21e-8, 2.309e-8, 2.293e-8, 2.352e-8, 2.415e-8, 2.43e-8,
    2.426e-8, 2.465e-8, 2.5e-8, 2.496e-8, 2.465e-8, 2.445e-8,
    2.383e-8, 2.299e-8, 2.165e-8, 2.113e-8, 1.968e-8, 1.819e-8,
    1.644e-8, 1.427e-8, 1.27e-8, 1.082e-8, 9.428e-9, 8.091e-9,
    6.958e-9, 5.988e-9, 5.246e-9, 4.601e-9, 4.098e-9, 3.664e-9,
    3.287e-9, 2.942e-9, 2.656e-9, 2.364e-9, 2.118e-9, 1.903e-9,
    1.703e-9, 1.525e-9, 1.365e-9, 1.229e-9, 1.107e-9, 9.96e-10,
    8.945e-10, 8.08e-10, 7.308e-10, 6.616e-10, 5.994e-10, 5.422e-10,
    4.929e-10, 4.478e-10, 4.07e-10, 3.707e-10, 3.379e-10, 3.087e-10,
    2.823e-10, 2.592e-10, 2.385e-10, 2.201e-10, 2.038e-10, 1.897e-10,
    1.774e-10, 1.667e-10, 1.577e-10, 1.502e-10, 1.437e-10, 1.394e-10,
    1.358e-10, 1.324e-10, 1.329e-10, 1.324e-10, 1.36e-10, 1.39e-10,
    1.424e-10, 1.544e-10, 1.651e-10, 1.817e-10, 1.984e-10, 2.195e-10,
    2.438e-10, 2.7e-10, 2.991e-10, 3.322e-10, 3.632e-10, 3.957e-10,
    4.36e-10, 4.701e-10, 5.03e-10, 5.381e-10, 5.793e-10, 6.19e-10,
    6.596e-10, 7.004e-10, 7.561e-10, 7.934e-10, 8.552e-10, 9.142e-10,
    9.57e-10, 1.027e-9, 1.097e-9, 1.193e-9, 1.334e-9, 1.47e-9,
    1.636e-9, 1.871e-9, 2.122e-9, 2.519e-9, 2.806e-9, 3.203e-9,
    3.846e-9, 4.362e-9, 5.114e-9, 5.643e-9, 6.305e-9, 6.981e-9,
    7.983e-9, 8.783e-9, 9.419e-9, 1.017e-8, 1.063e-8, 1.121e-8,
    1.13e-8, 1.201e-8, 1.225e-8, 1.232e-8, 1.223e-8, 1.177e-8,
    1.151e-8, 1.116e-8, 1.047e-8, 9.698e-9, 8.734e-9, 8.202e-9,
    7.041e-9, 6.074e-9, 5.172e-9, 4.468e-9, 3.913e-9, 3.414e-9,
    2.975e-9, 2.65e-9, 2.406e-9, 2.173e-9, 2.009e-9, 1.861e-9,
    1.727e-9, 1.612e-9, 1.514e-9, 1.43e-9, 1.362e-9, 1.333e-9,
    1.288e-9, 1.249e-9, 1.238e-9, 1.228e-9, 1.217e-9, 1.202e-9,
    1.209e-9, 1.177e-9, 1.157e-9, 1.165e-9, 1.142e-9, 1.131e-9,
    1.138e-9, 1.117e-9, 1.1e-9, 1.069e-9, 1.023e-9, 1.005e-9,
    9.159e-10, 8.863e-10, 7.865e-10, 7.153e-10, 6.247e-10, 5.846e-10,
    5.133e-10, 4.36e-10, 3.789e-10, 3.335e-10, 2.833e-10, 2.483e-10,
    2.155e-10, 1.918e-10, 1.709e-10, 1.529e-10, 1.374e-10, 1.235e-10,
    1.108e-10, 9.933e-11, 8.932e-11, 8.022e-11, 7.224e-11, 6.52e-11,
    5.896e-11, 5.328e-11, 4.813e-11, 4.365e-11, 3.961e-11, 3.594e-11,
    3.266e-11, 2.967e-11, 2.701e-11, 2.464e-11, 2.248e-11, 2.054e-11,
    1.878e-11, 1.721e-11, 1.579e-11, 1.453e-11, 1.341e-11, 1.241e-11,
    1.154e-11, 1.078e-11, 1.014e-11, 9.601e-12, 9.167e-12, 8.838e-12,
    8.614e-12, 8.493e-12, 8.481e-12, 8.581e-12, 8.795e-12, 9.131e-12,
    9.601e-12, 1.021e-11, 1.097e-11, 1.191e-11, 1.303e-11, 1.439e-11,
    1.601e-11, 1.778e-11, 1.984e-11, 2.234e-11, 2.474e-11, 2.766e-11,
    3.085e-11, 3.415e-11, 3.821e-11, 4.261e-11, 4.748e-11, 5.323e-11,
    5.935e-11, 6.619e-11, 7.418e-11, 8.294e-11, 9.26e-11, 1.039e-10,
    1.156e-10, 1.297e-10, 1.46e-10, 1.641e-10, 1.858e-10, 2.1e-10,
    2.383e-10, 2.724e-10, 3.116e-10, 3.538e-10, 4.173e-10, 4.727e-10,
    5.503e-10, 6.337e-10, 7.32e-10, 8.298e-10, 9.328e-10, 1.059e-9,
    1.176e-9, 1.328e-9, 1.445e-9, 1.593e-9, 1.77e-9, 1.954e-9,
    2.175e-9, 2.405e-9, 2.622e-9, 2.906e-9, 3.294e-9, 3.713e-9,
    3.98e-9, 4.384e-9, 4.987e-9, 5.311e-9, 5.874e-9, 6.337e-9,
    7.027e-9, 7.39e-9, 7.769e-9, 8.374e-9, 8.605e-9, 9.165e-9,
    9.415e-9, 9.511e-9, 9.704e-9, 9.588e-9, 9.45e-9, 9.086e-9,
    8.798e-9, 8.469e-9, 7.697e-9, 7.168e-9, 6.255e-9, 5.772e-9,
    4.97e-9, 4.271e-9, 3.653e-9, 3.154e-9, 2.742e-9, 2.435e-9,
    2.166e-9, 1.936e-9, 1.731e-9, 1.556e-9, 1.399e-9, 1.272e-9,
    1.157e-9, 1.066e-9, 9.844e-10, 9.258e-10, 8.787e-10, 8.421e-10,
    8.083e-10, 8.046e-10, 8.067e-10, 8.181e-10, 8.325e-10, 8.517e-10,
    9.151e-10, 9.351e-10, 9.677e-10, 1.071e-9, 1.126e-9, 1.219e-9,
    1.297e-9, 1.408e-9, 1.476e-9, 1.517e-9, 1.6e-9, 1.649e-9,
    1.678e-9, 1.746e-9, 1.742e-9, 1.728e-9, 1.699e-9, 1.655e-9,
    1.561e-9, 1.48e-9, 1.451e-9, 1.411e-9, 1.171e-9, 1.106e-9,
    9.714e-10, 8.523e-10, 7.346e-10, 6.241e-10, 5.371e-10, 4.704e-10,
    4.144e-10, 3.683e-10, 3.292e-10, 2.942e-10, 2.62e-10, 2.341e-10,
    2.104e-10, 1.884e-10, 1.7e-10, 1.546e-10, 1.394e-10, 1.265e-10,
    1.14e-10, 1.019e-10, 9.279e-11, 8.283e-11, 7.458e-11, 6.668e-11,
    5.976e-11, 5.33e-11, 4.794e-11, 4.289e-11, 3.841e-11, 3.467e-11,
    3.13e-11, 2.832e-11, 2.582e-11, 2.356e-11, 2.152e-11, 1.97e-11,
    1.808e-11, 1.664e-11, 1.539e-11, 1.434e-11, 1.344e-11, 1.269e-11,
    1.209e-11, 1.162e-11, 1.129e-11, 1.108e-11, 1.099e-11, 1.103e-11,
    1.119e-11, 1.148e-11, 1.193e-11, 1.252e-11, 1.329e-11, 1.421e-11,
    1.555e-11, 1.685e-11, 1.839e-11, 2.054e-11, 2.317e-11, 2.571e-11,
    2.839e-11, 3.171e-11, 3.49e-11, 3.886e-11, 4.287e-11, 4.645e-11,
    5.047e-11, 5.592e-11, 6.109e-11, 6.628e-11, 7.381e-11, 8.088e-11,
    8.966e-11, 1.045e-10, 1.12e-10, 1.287e-10, 1.486e-10, 1.662e-10,
    1.866e-10, 2.133e-10, 2.524e-10, 2.776e-10, 3.204e-10, 3.559e-10,
    4.028e-10, 4.448e-10, 4.882e-10, 5.244e-10, 5.605e-10, 6.018e-10,
    6.328e-10, 6.579e-10, 6.541e-10, 7.024e-10, 7.074e-10, 7.068e-10,
    7.009e-10, 6.698e-10, 6.545e-10, 6.209e-10, 5.834e-10, 5.412e-10,
    5.001e-10, 4.231e-10, 3.727e-10, 3.211e-10, 2.833e-10, 2.447e-10,
    2.097e-10, 1.843e-10, 1.639e-10, 1.449e-10, 1.27e-10, 1.161e-10,
    1.033e-10, 9.282e-11, 8.407e-11, 7.639e-11, 7.023e-11, 6.474e-11,
    6.142e-11, 5.76e-11, 5.568e-11, 5.472e-11, 5.39e-11, 5.455e-11,
    5.54e-11, 5.587e-11, 6.23e-11, 6.49e-11, 6.868e-11, 7.382e-11,
    8.022e-11, 8.372e-11, 9.243e-11, 1.004e-10, 1.062e-10, 1.13e-10,
    1.176e-10, 1.244e-10, 1.279e-10, 1.298e-10, 1.302e-10, 1.312e-10,
    1.295e-10, 1.244e-10, 1.211e-10, 1.167e-10, 1.098e-10, 9.927e-11,
    8.854e-11, 8.011e-11, 7.182e-11, 5.923e-11, 5.212e-11, 4.453e-11,
    3.832e-11, 3.371e-11, 2.987e-11, 2.651e-11, 2.354e-11, 2.093e-11,
    1.863e-11, 1.662e-11, 1.486e-11, 1.331e-11, 1.193e-11, 1.071e-11,
    9.628e-12, 8.66e-12, 7.801e-12, 7.031e-12, 6.347e-12, 5.733e-12,
    5.182e-12, 4.695e-12, 4.26e-12, 3.874e-12, 3.533e-12, 3.235e-12,
    2.979e-12, 2.76e-12, 2.579e-12, 2.432e-12, 2.321e-12, 2.246e-12,
    2.205e-12, 2.196e-12, 2.223e-12, 2.288e-12, 2.387e-12, 2.525e-12,
    2.704e-12, 2.925e-12, 3.191e-12, 3.508e-12, 3.876e-12, 4.303e-12,
    4.793e-12, 5.347e-12, 5.978e-12, 6.682e-12, 7.467e-12, 8.34e-12,
    9.293e-12, 1.035e-11, 1.152e-11, 1.285e-11, 1.428e-11, 1.586e-11,
    1.764e-11, 1.972e-11, 2.214e-11, 2.478e-11, 2.776e-11, 3.151e-11,
    3.591e-11, 4.103e-11, 4.66e-11, 5.395e-11, 6.306e-11, 7.172e-11,
    8.358e-11, 9.67e-11, 1.11e-10, 1.325e-10, 1.494e-10, 1.736e-10,
    2.007e-10, 2.296e-10, 2.608e-10, 3.004e-10, 3.361e-10, 3.727e-10,
    4.373e-10, 4.838e-10, 5.483e-10, 6.006e-10, 6.535e-10, 6.899e-10,
    7.687e-10, 8.444e-10, 8.798e-10, 9.135e-10, 9.532e-10, 9.757e-10,
    9.968e-10, 1.006e-9, 9.949e-10, 9.789e-10, 9.564e-10, 9.215e-10,
    8.51e-10, 8.394e-10, 7.707e-10, 7.152e-10, 6.274e-10, 5.598e-10,
    5.028e-10, 4.3e-10, 3.71e-10, 3.245e-10, 2.809e-10, 2.461e-10,
    2.154e-10, 1.91e-10, 1.685e-10, 1.487e-10, 1.313e-10, 1.163e-10,
    1.031e-10, 9.172e-11, 8.221e-11, 7.382e-11, 6.693e-11, 6.079e-11,
    5.581e-11, 5.167e-11, 4.811e-11, 4.506e-11, 4.255e-11, 4.083e-11,
    3.949e-11, 3.881e-11, 3.861e-11, 3.858e-11, 3.951e-11, 4.045e-11,
    4.24e-11, 4.487e-11, 4.806e-11, 5.133e-11, 5.518e-11, 5.919e-11,
    6.533e-11, 7.031e-11, 7.762e-11, 8.305e-11, 9.252e-11, 9.727e-11,
    1.045e-10, 1.117e-10, 1.2e-10, 1.275e-10, 1.341e-10, 1.362e-10,
    1.438e-10, 1.45e-10, 1.455e-10, 1.455e-10, 1.434e-10, 1.381e-10,
    1.301e-10, 1.276e-10, 1.163e-10, 1.089e-10, 9.911e-11, 8.943e-11,
    7.618e-11, 6.424e-11, 5.717e-11, 4.866e-11, 4.257e-11, 3.773e-11,
    3.331e-11, 2.958e-11, 2.629e-11, 2.316e-11, 2.073e-11, 1.841e-11,
    1.635e-11, 1.464e-11, 1.31e-11, 1.16e-11, 1.047e-11, 9.408e-12,
    8.414e-12, 7.521e-12, 6.705e-12, 5.993e-12, 5.371e-12, 4.815e-12,
    4.338e-12, 3.921e-12, 3.567e-12, 3.265e-12, 3.01e-12, 2.795e-12,
    2.613e-12, 2.464e-12, 2.346e-12, 2.256e-12, 2.195e-12, 2.165e-12,
    2.166e-12, 2.198e-12, 2.262e-12, 2.364e-12, 2.502e-12, 2.682e-12,
    2.908e-12, 3.187e-12, 3.533e-12, 3.946e-12, 4.418e-12, 5.013e-12,
    5.708e-12, 6.379e-12, 7.43e-12, 8.39e-12, 9.51e-12, 1.078e-11,
    1.259e-11, 1.438e-11, 1.63e-11, 1.814e-11, 2.055e-11, 2.348e-11,
    2.664e-11, 2.956e-11, 3.3e-11, 3.677e-11, 4.032e-11, 4.494e-11,
    4.951e-11, 5.452e-11, 6.014e-11, 6.5e-11, 6.915e-11, 7.45e-11,
    7.971e-11, 8.468e-11, 8.726e-11, 8.995e-11, 9.182e-11, 9.509e-11,
    9.333e-11, 9.386e-11, 9.457e-11, 9.21e-11, 9.019e-11, 8.68e-11,
    8.298e-11, 7.947e-11, 7.46e-11, 7.082e-11, 6.132e-11, 5.855e-11,
    5.073e-11, 4.464e-11, 3.825e-11, 3.375e-11, 2.911e-11, 2.535e-11,
    2.16e-11, 1.907e-11, 1.665e-11, 1.463e-11, 1.291e-11, 1.133e-11,
    9.997e-12, 8.836e-12, 7.839e-12, 6.943e-12, 6.254e-12, 5.6e-12,
    5.029e-12, 4.529e-12, 4.102e-12, 3.737e-12, 3.428e-12, 3.169e-12,
    2.959e-12, 2.798e-12, 2.675e-12, 2.582e-12, 2.644e-12, 2.557e-12,
    2.614e-12, 2.717e-12, 2.874e-12, 3.056e-12, 3.187e-12, 3.631e-12,
    3.979e-12, 4.248e-12, 4.817e-12, 5.266e-12, 5.836e-12, 6.365e-12,
    6.807e-12, 7.47e-12, 7.951e-12, 8.636e-12, 8.972e-12, 9.314e-12,
    9.445e-12, 1.003e-11, 1.013e-11, 9.937e-12, 9.729e-12, 9.064e-12,
    9.119e-12, 9.124e-12, 8.704e-12, 8.078e-12, 7.47e-12, 6.329e-12,
    5.674e-12, 4.808e-12, 4.119e-12, 3.554e-12, 3.103e-12, 2.731e-12,
    2.415e-12, 2.15e-12, 1.926e-12, 1.737e-12, 1.578e-12, 1.447e-12,
    1.34e-12, 1.255e-12, 1.191e-12, 1.146e-12, 1.121e-12, 1.114e-12,
    1.126e-12, 1.156e-12, 1.207e-12, 1.278e-12, 1.372e-12, 1.49e-12,
    1.633e-12, 1.805e-12, 2.01e-12, 2.249e-12, 2.528e-12, 2.852e-12,
    3.228e-12, 3.658e-12, 4.153e-12, 4.728e-12, 5.394e-12, 6.176e-12,
    7.126e-12, 8.188e-12, 9.328e-12, 1.103e-11, 1.276e-11, 1.417e-11,
    1.615e-11, 1.84e-11, 2.155e-11, 2.429e-11, 2.826e-11, 3.222e-11,
    3.664e-11, 4.14e-11, 4.906e-11, 5.536e-11, 6.327e-11, 7.088e-11,
    8.316e-11, 9.242e-11, 1.07e-10, 1.223e-10, 1.341e-10, 1.553e-10,
    1.703e-10, 1.9e-10, 2.022e-10, 2.233e-10, 2.345e-10, 2.438e-10,
    2.546e-10, 2.599e-10, 2.661e-10, 2.703e-10, 2.686e-10, 2.662e-10,
    2.56e-10, 2.552e-10, 2.378e-10, 2.252e-10, 2.146e-10, 1.885e-10,
    1.668e-10, 1.441e-10, 1.295e-10, 1.119e-10, 9.893e-11, 8.687e-11,
    7.678e-11, 6.685e-11, 5.879e-11, 5.127e-11, 4.505e-11, 3.997e-11,
    3.511e-11
  };

  static double const (h2ofrn)[2001] = { .01095, .01126, .01205, .01322, .0143,
    .01506, .01548, .01534, .01486, .01373, .01262, .01134, .01001,
    .008702, .007475, .006481, .00548, .0046, .003833, .00311,
    .002543, .002049, .00168, .001374, .001046, 8.193e-4, 6.267e-4,
    4.968e-4, 3.924e-4, 2.983e-4, 2.477e-4, 1.997e-4, 1.596e-4,
    1.331e-4, 1.061e-4, 8.942e-5, 7.168e-5, 5.887e-5, 4.848e-5,
    3.817e-5, 3.17e-5, 2.579e-5, 2.162e-5, 1.768e-5, 1.49e-5,
    1.231e-5, 1.013e-5, 8.555e-6, 7.328e-6, 6.148e-6, 5.207e-6,
    4.387e-6, 3.741e-6, 3.22e-6, 2.753e-6, 2.346e-6, 1.985e-6,
    1.716e-6, 1.475e-6, 1.286e-6, 1.122e-6, 9.661e-7, 8.284e-7,
    7.057e-7, 6.119e-7, 5.29e-7, 4.571e-7, 3.948e-7, 3.432e-7,
    2.983e-7, 2.589e-7, 2.265e-7, 1.976e-7, 1.704e-7, 1.456e-7,
    1.26e-7, 1.101e-7, 9.648e-8, 8.415e-8, 7.34e-8, 6.441e-8,
    5.643e-8, 4.94e-8, 4.276e-8, 3.703e-8, 3.227e-8, 2.825e-8,
    2.478e-8, 2.174e-8, 1.898e-8, 1.664e-8, 1.458e-8, 1.278e-8,
    1.126e-8, 9.891e-9, 8.709e-9, 7.652e-9, 6.759e-9, 5.975e-9,
    5.31e-9, 4.728e-9, 4.214e-9, 3.792e-9, 3.463e-9, 3.226e-9,
    2.992e-9, 2.813e-9, 2.749e-9, 2.809e-9, 2.913e-9, 3.037e-9,
    3.413e-9, 3.738e-9, 4.189e-9, 4.808e-9, 5.978e-9, 7.088e-9,
    8.071e-9, 9.61e-9, 1.21e-8, 1.5e-8, 1.764e-8, 2.221e-8, 2.898e-8,
    3.948e-8, 5.068e-8, 6.227e-8, 7.898e-8, 1.033e-7, 1.437e-7,
    1.889e-7, 2.589e-7, 3.59e-7, 4.971e-7, 7.156e-7, 9.983e-7,
    1.381e-6, 1.929e-6, 2.591e-6, 3.453e-6, 4.57e-6, 5.93e-6,
    7.552e-6, 9.556e-6, 1.183e-5, 1.425e-5, 1.681e-5, 1.978e-5,
    2.335e-5, 2.668e-5, 3.022e-5, 3.371e-5, 3.715e-5, 3.967e-5,
    4.06e-5, 4.01e-5, 3.809e-5, 3.491e-5, 3.155e-5, 2.848e-5,
    2.678e-5, 2.66e-5, 2.811e-5, 3.071e-5, 3.294e-5, 3.459e-5,
    3.569e-5, 3.56e-5, 3.434e-5, 3.186e-5, 2.916e-5, 2.622e-5,
    2.275e-5, 1.918e-5, 1.62e-5, 1.373e-5, 1.182e-5, 1.006e-5,
    8.556e-6, 7.26e-6, 6.107e-6, 5.034e-6, 4.211e-6, 3.426e-6,
    2.865e-6, 2.446e-6, 1.998e-6, 1.628e-6, 1.242e-6, 1.005e-6,
    7.853e-7, 6.21e-7, 5.071e-7, 4.156e-7, 3.548e-7, 2.825e-7,
    2.261e-7, 1.916e-7, 1.51e-7, 1.279e-7, 1.059e-7, 9.14e-8,
    7.707e-8, 6.17e-8, 5.311e-8, 4.263e-8, 3.518e-8, 2.961e-8,
    2.457e-8, 2.119e-8, 1.712e-8, 1.439e-8, 1.201e-8, 1.003e-8,
    8.564e-9, 7.199e-9, 6.184e-9, 5.206e-9, 4.376e-9, 3.708e-9,
    3.157e-9, 2.725e-9, 2.361e-9, 2.074e-9, 1.797e-9, 1.562e-9,
    1.364e-9, 1.196e-9, 1.042e-9, 8.862e-10, 7.648e-10, 6.544e-10,
    5.609e-10, 4.791e-10, 4.108e-10, 3.531e-10, 3.038e-10, 2.618e-10,
    2.268e-10, 1.969e-10, 1.715e-10, 1.496e-10, 1.308e-10, 1.147e-10,
    1.008e-10, 8.894e-11, 7.885e-11, 7.031e-11, 6.355e-11, 5.854e-11,
    5.534e-11, 5.466e-11, 5.725e-11, 6.447e-11, 7.943e-11, 1.038e-10,
    1.437e-10, 2.04e-10, 2.901e-10, 4.051e-10, 5.556e-10, 7.314e-10,
    9.291e-10, 1.134e-9, 1.321e-9, 1.482e-9, 1.596e-9, 1.669e-9,
    1.715e-9, 1.762e-9, 1.817e-9, 1.828e-9, 1.848e-9, 1.873e-9,
    1.902e-9, 1.894e-9, 1.864e-9, 1.841e-9, 1.797e-9, 1.704e-9,
    1.559e-9, 1.382e-9, 1.187e-9, 1.001e-9, 8.468e-10, 7.265e-10,
    6.521e-10, 6.381e-10, 6.66e-10, 7.637e-10, 9.705e-10, 1.368e-9,
    1.856e-9, 2.656e-9, 3.954e-9, 5.96e-9, 8.72e-9, 1.247e-8,
    1.781e-8, 2.491e-8, 3.311e-8, 4.272e-8, 5.205e-8, 6.268e-8,
    7.337e-8, 8.277e-8, 9.185e-8, 1.004e-7, 1.091e-7, 1.159e-7,
    1.188e-7, 1.175e-7, 1.124e-7, 1.033e-7, 9.381e-8, 8.501e-8,
    7.956e-8, 7.894e-8, 8.331e-8, 9.102e-8, 9.836e-8, 1.035e-7,
    1.064e-7, 1.06e-7, 1.032e-7, 9.808e-8, 9.139e-8, 8.442e-8,
    7.641e-8, 6.881e-8, 6.161e-8, 5.404e-8, 4.804e-8, 4.446e-8,
    4.328e-8, 4.259e-8, 4.421e-8, 4.673e-8, 4.985e-8, 5.335e-8,
    5.796e-8, 6.542e-8, 7.714e-8, 8.827e-8, 1.04e-7, 1.238e-7,
    1.499e-7, 1.829e-7, 2.222e-7, 2.689e-7, 3.303e-7, 3.981e-7,
    4.84e-7, 5.91e-7, 7.363e-7, 9.087e-7, 1.139e-6, 1.455e-6,
    1.866e-6, 2.44e-6, 3.115e-6, 3.941e-6, 4.891e-6, 5.992e-6,
    7.111e-6, 8.296e-6, 9.21e-6, 9.987e-6, 1.044e-5, 1.073e-5,
    1.092e-5, 1.106e-5, 1.138e-5, 1.171e-5, 1.186e-5, 1.186e-5,
    1.179e-5, 1.166e-5, 1.151e-5, 1.16e-5, 1.197e-5, 1.241e-5,
    1.268e-5, 1.26e-5, 1.184e-5, 1.063e-5, 9.204e-6, 7.584e-6,
    6.053e-6, 4.482e-6, 3.252e-6, 2.337e-6, 1.662e-6, 1.18e-6,
    8.15e-7, 5.95e-7, 4.354e-7, 3.302e-7, 2.494e-7, 1.93e-7,
    1.545e-7, 1.25e-7, 1.039e-7, 8.602e-8, 7.127e-8, 5.897e-8,
    4.838e-8, 4.018e-8, 3.28e-8, 2.72e-8, 2.307e-8, 1.972e-8,
    1.654e-8, 1.421e-8, 1.174e-8, 1.004e-8, 8.739e-9, 7.358e-9,
    6.242e-9, 5.303e-9, 4.567e-9, 3.94e-9, 3.375e-9, 2.864e-9,
    2.422e-9, 2.057e-9, 1.75e-9, 1.505e-9, 1.294e-9, 1.101e-9,
    9.401e-10, 8.018e-10, 6.903e-10, 5.965e-10, 5.087e-10, 4.364e-10,
    3.759e-10, 3.247e-10, 2.809e-10, 2.438e-10, 2.123e-10, 1.853e-10,
    1.622e-10, 1.426e-10, 1.26e-10, 1.125e-10, 1.022e-10, 9.582e-11,
    9.388e-11, 9.801e-11, 1.08e-10, 1.276e-10, 1.551e-10, 1.903e-10,
    2.291e-10, 2.724e-10, 3.117e-10, 3.4e-10, 3.562e-10, 3.625e-10,
    3.619e-10, 3.429e-10, 3.221e-10, 2.943e-10, 2.645e-10, 2.338e-10,
    2.062e-10, 1.901e-10, 1.814e-10, 1.827e-10, 1.906e-10, 1.984e-10,
    2.04e-10, 2.068e-10, 2.075e-10, 2.018e-10, 1.959e-10, 1.897e-10,
    1.852e-10, 1.791e-10, 1.696e-10, 1.634e-10, 1.598e-10, 1.561e-10,
    1.518e-10, 1.443e-10, 1.377e-10, 1.346e-10, 1.342e-10, 1.375e-10,
    1.525e-10, 1.767e-10, 2.108e-10, 2.524e-10, 2.981e-10, 3.477e-10,
    4.262e-10, 5.326e-10, 6.646e-10, 8.321e-10, 1.069e-9, 1.386e-9,
    1.743e-9, 2.216e-9, 2.808e-9, 3.585e-9, 4.552e-9, 5.907e-9,
    7.611e-9, 9.774e-9, 1.255e-8, 1.666e-8, 2.279e-8, 3.221e-8,
    4.531e-8, 6.4e-8, 9.187e-8, 1.295e-7, 1.825e-7, 2.431e-7,
    3.181e-7, 4.009e-7, 4.941e-7, 5.88e-7, 6.623e-7, 7.155e-7,
    7.451e-7, 7.594e-7, 7.541e-7, 7.467e-7, 7.527e-7, 7.935e-7,
    8.461e-7, 8.954e-7, 9.364e-7, 9.843e-7, 1.024e-6, 1.05e-6,
    1.059e-6, 1.074e-6, 1.072e-6, 1.043e-6, 9.789e-7, 8.803e-7,
    7.662e-7, 6.378e-7, 5.133e-7, 3.958e-7, 2.914e-7, 2.144e-7,
    1.57e-7, 1.14e-7, 8.47e-8, 6.2e-8, 4.657e-8, 3.559e-8, 2.813e-8,
    2.222e-8, 1.769e-8, 1.391e-8, 1.125e-8, 9.186e-9, 7.704e-9,
    6.447e-9, 5.381e-9, 4.442e-9, 3.669e-9, 3.057e-9, 2.564e-9,
    2.153e-9, 1.784e-9, 1.499e-9, 1.281e-9, 1.082e-9, 9.304e-10,
    8.169e-10, 6.856e-10, 5.866e-10, 5.043e-10, 4.336e-10, 3.731e-10,
    3.175e-10, 2.745e-10, 2.374e-10, 2.007e-10, 1.737e-10, 1.508e-10,
    1.302e-10, 1.13e-10, 9.672e-11, 8.375e-11, 7.265e-11, 6.244e-11,
    5.343e-11, 4.654e-11, 3.975e-11, 3.488e-11, 3.097e-11, 2.834e-11,
    2.649e-11, 2.519e-11, 2.462e-11, 2.443e-11, 2.44e-11, 2.398e-11,
    2.306e-11, 2.183e-11, 2.021e-11, 1.821e-11, 1.599e-11, 1.403e-11,
    1.196e-11, 1.023e-11, 8.728e-12, 7.606e-12, 6.941e-12, 6.545e-12,
    6.484e-12, 6.6e-12, 6.718e-12, 6.785e-12, 6.746e-12, 6.724e-12,
    6.764e-12, 6.995e-12, 7.144e-12, 7.32e-12, 7.33e-12, 7.208e-12,
    6.789e-12, 6.09e-12, 5.337e-12, 4.62e-12, 4.037e-12, 3.574e-12,
    3.311e-12, 3.346e-12, 3.566e-12, 3.836e-12, 4.076e-12, 4.351e-12,
    4.691e-12, 5.114e-12, 5.427e-12, 6.167e-12, 7.436e-12, 8.842e-12,
    1.038e-11, 1.249e-11, 1.54e-11, 1.915e-11, 2.48e-11, 3.256e-11,
    4.339e-11, 5.611e-11, 7.519e-11, 1.037e-10, 1.409e-10, 1.883e-10,
    2.503e-10, 3.38e-10, 4.468e-10, 5.801e-10, 7.335e-10, 8.98e-10,
    1.11e-9, 1.363e-9, 1.677e-9, 2.104e-9, 2.681e-9, 3.531e-9,
    4.621e-9, 6.106e-9, 8.154e-9, 1.046e-8, 1.312e-8, 1.607e-8,
    1.948e-8, 2.266e-8, 2.495e-8, 2.655e-8, 2.739e-8, 2.739e-8,
    2.662e-8, 2.589e-8, 2.59e-8, 2.664e-8, 2.833e-8, 3.023e-8,
    3.305e-8, 3.558e-8, 3.793e-8, 3.961e-8, 4.056e-8, 4.102e-8,
    4.025e-8, 3.917e-8, 3.706e-8, 3.493e-8, 3.249e-8, 3.096e-8,
    3.011e-8, 3.111e-8, 3.395e-8, 3.958e-8, 4.875e-8, 6.066e-8,
    7.915e-8, 1.011e-7, 1.3e-7, 1.622e-7, 2.003e-7, 2.448e-7,
    2.863e-7, 3.317e-7, 3.655e-7, 3.96e-7, 4.098e-7, 4.168e-7,
    4.198e-7, 4.207e-7, 4.289e-7, 4.384e-7, 4.471e-7, 4.524e-7,
    4.574e-7, 4.633e-7, 4.785e-7, 5.028e-7, 5.371e-7, 5.727e-7,
    5.955e-7, 5.998e-7, 5.669e-7, 5.082e-7, 4.397e-7, 3.596e-7,
    2.814e-7, 2.074e-7, 1.486e-7, 1.057e-7, 7.25e-8, 4.946e-8,
    3.43e-8, 2.447e-8, 1.793e-8, 1.375e-8, 1.096e-8, 9.091e-9,
    7.709e-9, 6.631e-9, 5.714e-9, 4.886e-9, 4.205e-9, 3.575e-9,
    3.07e-9, 2.631e-9, 2.284e-9, 2.002e-9, 1.745e-9, 1.509e-9,
    1.284e-9, 1.084e-9, 9.163e-10, 7.663e-10, 6.346e-10, 5.283e-10,
    4.354e-10, 3.59e-10, 2.982e-10, 2.455e-10, 2.033e-10, 1.696e-10,
    1.432e-10, 1.211e-10, 1.02e-10, 8.702e-11, 7.38e-11, 6.293e-11,
    5.343e-11, 4.532e-11, 3.907e-11, 3.365e-11, 2.945e-11, 2.558e-11,
    2.192e-11, 1.895e-11, 1.636e-11, 1.42e-11, 1.228e-11, 1.063e-11,
    9.348e-12, 8.2e-12, 7.231e-12, 6.43e-12, 5.702e-12, 5.052e-12,
    4.469e-12, 4e-12, 3.679e-12, 3.387e-12, 3.197e-12, 3.158e-12,
    3.327e-12, 3.675e-12, 4.292e-12, 5.437e-12, 7.197e-12, 1.008e-11,
    1.437e-11, 2.035e-11, 2.905e-11, 4.062e-11, 5.528e-11, 7.177e-11,
    9.064e-11, 1.109e-10, 1.297e-10, 1.473e-10, 1.652e-10, 1.851e-10,
    2.079e-10, 2.313e-10, 2.619e-10, 2.958e-10, 3.352e-10, 3.796e-10,
    4.295e-10, 4.923e-10, 5.49e-10, 5.998e-10, 6.388e-10, 6.645e-10,
    6.712e-10, 6.549e-10, 6.38e-10, 6.255e-10, 6.253e-10, 6.459e-10,
    6.977e-10, 7.59e-10, 8.242e-10, 8.92e-10, 9.403e-10, 9.701e-10,
    9.483e-10, 9.135e-10, 8.617e-10, 7.921e-10, 7.168e-10, 6.382e-10,
    5.677e-10, 5.045e-10, 4.572e-10, 4.312e-10, 4.145e-10, 4.192e-10,
    4.541e-10, 5.368e-10, 6.771e-10, 8.962e-10, 1.21e-9, 1.659e-9,
    2.33e-9, 3.249e-9, 4.495e-9, 5.923e-9, 7.642e-9, 9.607e-9,
    1.178e-8, 1.399e-8, 1.584e-8, 1.73e-8, 1.816e-8, 1.87e-8,
    1.868e-8, 1.87e-8, 1.884e-8, 1.99e-8, 2.15e-8, 2.258e-8,
    2.364e-8, 2.473e-8, 2.602e-8, 2.689e-8, 2.731e-8, 2.816e-8,
    2.859e-8, 2.839e-8, 2.703e-8, 2.451e-8, 2.149e-8, 1.787e-8,
    1.449e-8, 1.111e-8, 8.282e-9, 6.121e-9, 4.494e-9, 3.367e-9,
    2.487e-9, 1.885e-9, 1.503e-9, 1.249e-9, 1.074e-9, 9.427e-10,
    8.439e-10, 7.563e-10, 6.772e-10, 6.002e-10, 5.254e-10, 4.588e-10,
    3.977e-10, 3.449e-10, 3.003e-10, 2.624e-10, 2.335e-10, 2.04e-10,
    1.771e-10, 1.534e-10, 1.296e-10, 1.097e-10, 9.173e-11, 7.73e-11,
    6.547e-11, 5.191e-11, 4.198e-11, 3.361e-11, 2.732e-11, 2.244e-11,
    1.791e-11, 1.509e-11, 1.243e-11, 1.035e-11, 8.969e-12, 7.394e-12,
    6.323e-12, 5.282e-12, 4.543e-12, 3.752e-12, 3.14e-12, 2.6e-12,
    2.194e-12, 1.825e-12, 1.511e-12, 1.245e-12, 1.024e-12, 8.539e-13,
    7.227e-13, 6.102e-13, 5.189e-13, 4.43e-13, 3.774e-13, 3.236e-13,
    2.8e-13, 2.444e-13, 2.156e-13, 1.932e-13, 1.775e-13, 1.695e-13,
    1.672e-13, 1.704e-13, 1.825e-13, 2.087e-13, 2.614e-13, 3.377e-13,
    4.817e-13, 6.989e-13, 1.062e-12, 1.562e-12, 2.288e-12, 3.295e-12,
    4.55e-12, 5.965e-12, 7.546e-12, 9.395e-12, 1.103e-11, 1.228e-11,
    1.318e-11, 1.38e-11, 1.421e-11, 1.39e-11, 1.358e-11, 1.336e-11,
    1.342e-11, 1.356e-11, 1.424e-11, 1.552e-11, 1.73e-11, 1.951e-11,
    2.128e-11, 2.249e-11, 2.277e-11, 2.226e-11, 2.111e-11, 1.922e-11,
    1.775e-11, 1.661e-11, 1.547e-11, 1.446e-11, 1.323e-11, 1.21e-11,
    1.054e-11, 9.283e-12, 8.671e-12, 8.67e-12, 9.429e-12, 1.062e-11,
    1.255e-11, 1.506e-11, 1.818e-11, 2.26e-11, 2.831e-11, 3.723e-11,
    5.092e-11, 6.968e-11, 9.826e-11, 1.349e-10, 1.87e-10, 2.58e-10,
    3.43e-10, 4.424e-10, 5.521e-10, 6.812e-10, 8.064e-10, 9.109e-10,
    9.839e-10, 1.028e-9, 1.044e-9, 1.029e-9, 1.005e-9, 1.002e-9,
    1.038e-9, 1.122e-9, 1.233e-9, 1.372e-9, 1.524e-9, 1.665e-9,
    1.804e-9, 1.908e-9, 2.015e-9, 2.117e-9, 2.219e-9, 2.336e-9,
    2.531e-9, 2.805e-9, 3.189e-9, 3.617e-9, 4.208e-9, 4.911e-9,
    5.619e-9, 6.469e-9, 7.188e-9, 7.957e-9, 8.503e-9, 9.028e-9,
    9.571e-9, 9.99e-9, 1.055e-8, 1.102e-8, 1.132e-8, 1.141e-8,
    1.145e-8, 1.145e-8, 1.176e-8, 1.224e-8, 1.304e-8, 1.388e-8,
    1.445e-8, 1.453e-8, 1.368e-8, 1.22e-8, 1.042e-8, 8.404e-9,
    6.403e-9, 4.643e-9, 3.325e-9, 2.335e-9, 1.638e-9, 1.19e-9,
    9.161e-10, 7.412e-10, 6.226e-10, 5.516e-10, 5.068e-10, 4.831e-10,
    4.856e-10, 5.162e-10, 5.785e-10, 6.539e-10, 7.485e-10, 8.565e-10,
    9.534e-10, 1.052e-9, 1.115e-9, 1.173e-9, 1.203e-9, 1.224e-9,
    1.243e-9, 1.248e-9, 1.261e-9, 1.265e-9, 1.25e-9, 1.217e-9,
    1.176e-9, 1.145e-9, 1.153e-9, 1.199e-9, 1.278e-9, 1.366e-9,
    1.426e-9, 1.444e-9, 1.365e-9, 1.224e-9, 1.051e-9, 8.539e-10,
    6.564e-10, 4.751e-10, 3.404e-10, 2.377e-10, 1.631e-10, 1.114e-10,
    7.87e-11, 5.793e-11, 4.284e-11, 3.3e-11, 2.62e-11, 2.152e-11,
    1.777e-11, 1.496e-11, 1.242e-11, 1.037e-11, 8.725e-12, 7.004e-12,
    5.718e-12, 4.769e-12, 3.952e-12, 3.336e-12, 2.712e-12, 2.213e-12,
    1.803e-12, 1.492e-12, 1.236e-12, 1.006e-12, 8.384e-13, 7.063e-13,
    5.879e-13, 4.93e-13, 4.171e-13, 3.569e-13, 3.083e-13, 2.688e-13,
    2.333e-13, 2.035e-13, 1.82e-13, 1.682e-13, 1.635e-13, 1.674e-13,
    1.769e-13, 2.022e-13, 2.485e-13, 3.127e-13, 4.25e-13, 5.928e-13,
    8.514e-13, 1.236e-12, 1.701e-12, 2.392e-12, 3.231e-12, 4.35e-12,
    5.559e-12, 6.915e-12, 8.519e-12, 1.013e-11, 1.146e-11, 1.24e-11,
    1.305e-11, 1.333e-11, 1.318e-11, 1.263e-11, 1.238e-11, 1.244e-11,
    1.305e-11, 1.432e-11, 1.623e-11, 1.846e-11, 2.09e-11, 2.328e-11,
    2.526e-11, 2.637e-11, 2.702e-11, 2.794e-11, 2.889e-11, 2.989e-11,
    3.231e-11, 3.68e-11, 4.375e-11, 5.504e-11, 7.159e-11, 9.502e-11,
    1.279e-10, 1.645e-10, 2.098e-10, 2.618e-10, 3.189e-10, 3.79e-10,
    4.303e-10, 4.753e-10, 5.027e-10, 5.221e-10, 5.293e-10, 5.346e-10,
    5.467e-10, 5.796e-10, 6.2e-10, 6.454e-10, 6.705e-10, 6.925e-10,
    7.233e-10, 7.35e-10, 7.538e-10, 7.861e-10, 8.077e-10, 8.132e-10,
    7.749e-10, 7.036e-10, 6.143e-10, 5.093e-10, 4.089e-10, 3.092e-10,
    2.299e-10, 1.705e-10, 1.277e-10, 9.723e-11, 7.533e-11, 6.126e-11,
    5.154e-11, 4.428e-11, 3.913e-11, 3.521e-11, 3.297e-11, 3.275e-11,
    3.46e-11, 3.798e-11, 4.251e-11, 4.745e-11, 5.232e-11, 5.606e-11,
    5.82e-11, 5.88e-11, 5.79e-11, 5.661e-11, 5.491e-11, 5.366e-11,
    5.341e-11, 5.353e-11, 5.336e-11, 5.293e-11, 5.248e-11, 5.235e-11,
    5.208e-11, 5.322e-11, 5.521e-11, 5.725e-11, 5.827e-11, 5.685e-11,
    5.245e-11, 4.612e-11, 3.884e-11, 3.129e-11, 2.404e-11, 1.732e-11,
    1.223e-11, 8.574e-12, 5.888e-12, 3.986e-12, 2.732e-12, 1.948e-12,
    1.414e-12, 1.061e-12, 8.298e-13, 6.612e-13, 5.413e-13, 4.472e-13,
    3.772e-13, 3.181e-13, 2.645e-13, 2.171e-13, 1.778e-13, 1.464e-13,
    1.183e-13, 9.637e-14, 7.991e-14, 6.668e-14, 5.57e-14, 4.663e-14,
    3.848e-14, 3.233e-14, 2.706e-14, 2.284e-14, 1.944e-14, 1.664e-14,
    1.43e-14, 1.233e-14, 1.066e-14, 9.234e-15, 8.023e-15, 6.993e-15,
    6.119e-15, 5.384e-15, 4.774e-15, 4.283e-15, 3.916e-15, 3.695e-15,
    3.682e-15, 4.004e-15, 4.912e-15, 6.853e-15, 1.056e-14, 1.712e-14,
    2.804e-14, 4.516e-14, 7.113e-14, 1.084e-13, 1.426e-13, 1.734e-13,
    1.978e-13, 2.194e-13, 2.388e-13, 2.489e-13, 2.626e-13, 2.865e-13,
    3.105e-13, 3.387e-13, 3.652e-13, 3.984e-13, 4.398e-13, 4.906e-13,
    5.55e-13, 6.517e-13, 7.813e-13, 9.272e-13, 1.164e-12, 1.434e-12,
    1.849e-12, 2.524e-12, 3.328e-12, 4.523e-12, 6.108e-12, 8.207e-12,
    1.122e-11, 1.477e-11, 1.9e-11, 2.412e-11, 2.984e-11, 3.68e-11,
    4.353e-11, 4.963e-11, 5.478e-11, 5.903e-11, 6.233e-11, 6.483e-11,
    6.904e-11, 7.569e-11, 8.719e-11, 1.048e-10, 1.278e-10, 1.557e-10,
    1.869e-10, 2.218e-10, 2.61e-10, 2.975e-10, 3.371e-10, 3.746e-10,
    4.065e-10, 4.336e-10, 4.503e-10, 4.701e-10, 4.8e-10, 4.917e-10,
    5.038e-10, 5.128e-10, 5.143e-10, 5.071e-10, 5.019e-10, 5.025e-10,
    5.183e-10, 5.496e-10, 5.877e-10, 6.235e-10, 6.42e-10, 6.234e-10,
    5.698e-10, 4.916e-10, 4.022e-10, 3.126e-10, 2.282e-10, 1.639e-10,
    1.142e-10, 7.919e-11, 5.69e-11, 4.313e-11, 3.413e-11, 2.807e-11,
    2.41e-11, 2.166e-11, 2.024e-11, 1.946e-11, 1.929e-11, 1.963e-11,
    2.035e-11, 2.162e-11, 2.305e-11, 2.493e-11, 2.748e-11, 3.048e-11,
    3.413e-11, 3.754e-11, 4.155e-11, 4.635e-11, 5.11e-11, 5.734e-11,
    6.338e-11, 6.99e-11, 7.611e-11, 8.125e-11, 8.654e-11, 8.951e-11,
    9.182e-11, 9.31e-11, 9.273e-11, 9.094e-11, 8.849e-11, 8.662e-11,
    8.67e-11, 8.972e-11, 9.566e-11, 1.025e-10, 1.083e-10, 1.111e-10,
    1.074e-10, 9.771e-11, 8.468e-11, 6.958e-11, 5.47e-11, 4.04e-11,
    2.94e-11, 2.075e-11, 1.442e-11, 1.01e-11, 7.281e-12, 5.409e-12,
    4.138e-12, 3.304e-12, 2.784e-12, 2.473e-12, 2.273e-12, 2.186e-12,
    2.118e-12, 2.066e-12, 1.958e-12, 1.818e-12, 1.675e-12, 1.509e-12,
    1.349e-12, 1.171e-12, 9.838e-13, 8.213e-13, 6.765e-13, 5.378e-13,
    4.161e-13, 3.119e-13, 2.279e-13, 1.637e-13, 1.152e-13, 8.112e-14,
    5.919e-14, 4.47e-14, 3.492e-14, 2.811e-14, 2.319e-14, 1.948e-14,
    1.66e-14, 1.432e-14, 1.251e-14, 1.109e-14, 1.006e-14, 9.45e-15,
    9.384e-15, 1.012e-14, 1.216e-14, 1.636e-14, 2.305e-14, 3.488e-14,
    5.572e-14, 8.479e-14, 1.265e-13, 1.905e-13, 2.73e-13, 3.809e-13,
    4.955e-13, 6.303e-13, 7.861e-13, 9.427e-13, 1.097e-12, 1.212e-12,
    1.328e-12, 1.415e-12, 1.463e-12, 1.495e-12, 1.571e-12, 1.731e-12,
    1.981e-12, 2.387e-12, 2.93e-12, 3.642e-12, 4.584e-12, 5.822e-12,
    7.278e-12, 9.193e-12, 1.135e-11, 1.382e-11, 1.662e-11, 1.958e-11,
    2.286e-11, 2.559e-11, 2.805e-11, 2.988e-11, 3.106e-11, 3.182e-11,
    3.2e-11, 3.258e-11, 3.362e-11, 3.558e-11, 3.688e-11, 3.8e-11,
    3.929e-11, 4.062e-11, 4.186e-11, 4.293e-11, 4.48e-11, 4.643e-11,
    4.704e-11, 4.571e-11, 4.206e-11, 3.715e-11, 3.131e-11, 2.541e-11,
    1.978e-11, 1.508e-11, 1.146e-11, 8.7e-12, 6.603e-12, 5.162e-12,
    4.157e-12, 3.408e-12, 2.829e-12, 2.405e-12, 2.071e-12, 1.826e-12,
    1.648e-12, 1.542e-12, 1.489e-12, 1.485e-12, 1.493e-12, 1.545e-12,
    1.637e-12, 1.814e-12, 2.061e-12, 2.312e-12, 2.651e-12, 3.03e-12,
    3.46e-12, 3.901e-12, 4.306e-12, 4.721e-12, 5.008e-12, 5.281e-12,
    5.541e-12, 5.791e-12, 6.115e-12, 6.442e-12, 6.68e-12, 6.791e-12,
    6.831e-12, 6.839e-12, 6.946e-12, 7.128e-12, 7.537e-12, 8.036e-12,
    8.392e-12, 8.526e-12, 8.11e-12, 7.325e-12, 6.329e-12, 5.183e-12,
    4.081e-12, 2.985e-12, 2.141e-12, 1.492e-12, 1.015e-12, 6.684e-13,
    4.414e-13, 2.987e-13, 2.038e-13, 1.391e-13, 9.86e-14, 7.24e-14,
    5.493e-14, 4.288e-14, 3.427e-14, 2.787e-14, 2.296e-14, 1.909e-14,
    1.598e-14, 1.344e-14, 1.135e-14, 9.616e-15, 8.169e-15, 6.957e-15,
    5.938e-15, 5.08e-15, 4.353e-15, 3.738e-15, 3.217e-15, 2.773e-15,
    2.397e-15, 2.077e-15, 1.805e-15, 1.575e-15, 1.382e-15, 1.221e-15,
    1.09e-15, 9.855e-16, 9.068e-16, 8.537e-16, 8.27e-16, 8.29e-16,
    8.634e-16, 9.359e-16, 1.055e-15, 1.233e-15, 1.486e-15, 1.839e-15,
    2.326e-15, 2.998e-15, 3.934e-15, 5.256e-15, 7.164e-15, 9.984e-15,
    1.427e-14, 2.099e-14, 3.196e-14, 5.121e-14, 7.908e-14, 1.131e-13,
    1.602e-13, 2.239e-13, 3.075e-13, 4.134e-13, 5.749e-13, 7.886e-13,
    1.071e-12, 1.464e-12, 2.032e-12, 2.8e-12, 3.732e-12, 4.996e-12,
    6.483e-12, 8.143e-12, 1.006e-11, 1.238e-11, 1.484e-11, 1.744e-11,
    2.02e-11, 2.274e-11, 2.562e-11, 2.848e-11, 3.191e-11, 3.617e-11,
    4.081e-11, 4.577e-11, 4.937e-11, 5.204e-11, 5.401e-11, 5.462e-11,
    5.507e-11, 5.51e-11, 5.605e-11, 5.686e-11, 5.739e-11, 5.766e-11,
    5.74e-11, 5.754e-11, 5.761e-11, 5.777e-11, 5.712e-11, 5.51e-11,
    5.088e-11, 4.438e-11, 3.728e-11, 2.994e-11, 2.305e-11, 1.715e-11,
    1.256e-11, 9.208e-12, 6.745e-12, 5.014e-12, 3.785e-12, 2.9e-12,
    2.239e-12, 1.757e-12, 1.414e-12, 1.142e-12, 9.482e-13, 8.01e-13,
    6.961e-13, 6.253e-13, 5.735e-13, 5.433e-13, 5.352e-13, 5.493e-13,
    5.706e-13, 6.068e-13, 6.531e-13, 7.109e-13, 7.767e-13, 8.59e-13,
    9.792e-13, 1.142e-12, 1.371e-12, 1.65e-12, 1.957e-12, 2.302e-12,
    2.705e-12, 3.145e-12, 3.608e-12, 4.071e-12, 4.602e-12, 5.133e-12,
    5.572e-12, 5.987e-12, 6.248e-12, 6.533e-12, 6.757e-12, 6.935e-12,
    7.224e-12, 7.422e-12, 7.538e-12, 7.547e-12, 7.495e-12, 7.543e-12,
    7.725e-12, 8.139e-12, 8.627e-12, 9.146e-12, 9.443e-12, 9.318e-12,
    8.649e-12, 7.512e-12, 6.261e-12, 4.915e-12, 3.647e-12, 2.597e-12,
    1.785e-12, 1.242e-12, 8.66e-13, 6.207e-13, 4.61e-13, 3.444e-13,
    2.634e-13, 2.1e-13, 1.725e-13, 1.455e-13, 1.237e-13, 1.085e-13,
    9.513e-14, 7.978e-14, 6.603e-14, 5.288e-14, 4.084e-14, 2.952e-14,
    2.157e-14, 1.593e-14, 1.199e-14, 9.267e-15, 7.365e-15, 6.004e-15,
    4.995e-15, 4.218e-15, 3.601e-15, 3.101e-15, 2.692e-15, 2.36e-15,
    2.094e-15, 1.891e-15, 1.755e-15, 1.699e-15, 1.755e-15, 1.987e-15,
    2.506e-15, 3.506e-15, 5.289e-15, 8.311e-15, 1.325e-14, 2.129e-14,
    3.237e-14, 4.595e-14, 6.441e-14, 8.433e-14, 1.074e-13, 1.383e-13,
    1.762e-13, 2.281e-13, 2.831e-13, 3.523e-13, 4.38e-13, 5.304e-13,
    6.29e-13, 7.142e-13, 8.032e-13, 8.934e-13, 9.888e-13, 1.109e-12,
    1.261e-12, 1.462e-12, 1.74e-12, 2.099e-12, 2.535e-12, 3.008e-12,
    3.462e-12, 3.856e-12, 4.098e-12, 4.239e-12, 4.234e-12, 4.132e-12,
    3.986e-12, 3.866e-12, 3.829e-12, 3.742e-12, 3.705e-12, 3.694e-12,
    3.765e-12, 3.849e-12, 3.929e-12, 4.056e-12, 4.092e-12, 4.047e-12,
    3.792e-12, 3.407e-12, 2.953e-12, 2.429e-12, 1.931e-12, 1.46e-12,
    1.099e-12, 8.199e-13, 6.077e-13, 4.449e-13, 3.359e-13, 2.524e-13,
    1.881e-13, 1.391e-13, 1.02e-13, 7.544e-14, 5.555e-14, 4.22e-14,
    3.321e-14, 2.686e-14, 2.212e-14, 1.78e-14, 1.369e-14, 1.094e-14,
    9.13e-15, 8.101e-15, 7.828e-15, 8.393e-15, 1.012e-14, 1.259e-14,
    1.538e-14, 1.961e-14, 2.619e-14, 3.679e-14, 5.049e-14, 6.917e-14,
    8.88e-14, 1.115e-13, 1.373e-13, 1.619e-13, 1.878e-13, 2.111e-13,
    2.33e-13, 2.503e-13, 2.613e-13, 2.743e-13, 2.826e-13, 2.976e-13,
    3.162e-13, 3.36e-13, 3.491e-13, 3.541e-13, 3.595e-13, 3.608e-13,
    3.709e-13, 3.869e-13, 4.12e-13, 4.366e-13, 4.504e-13, 4.379e-13,
    3.955e-13, 3.385e-13, 2.741e-13, 2.089e-13, 1.427e-13, 9.294e-14,
    5.775e-14, 3.565e-14, 2.21e-14, 1.398e-14, 9.194e-15, 6.363e-15,
    4.644e-15, 3.55e-15, 2.808e-15, 2.274e-15, 1.871e-15, 1.557e-15,
    1.308e-15, 1.108e-15, 9.488e-16, 8.222e-16, 7.238e-16, 6.506e-16,
    6.008e-16, 5.742e-16, 5.724e-16, 5.991e-16, 6.625e-16, 7.775e-16,
    9.734e-16, 1.306e-15, 1.88e-15, 2.879e-15, 4.616e-15, 7.579e-15,
    1.248e-14, 2.03e-14, 3.244e-14, 5.171e-14, 7.394e-14, 9.676e-14,
    1.199e-13, 1.467e-13, 1.737e-13, 2.02e-13, 2.425e-13, 3.016e-13,
    3.7e-13, 4.617e-13, 5.949e-13, 7.473e-13, 9.378e-13, 1.191e-12,
    1.481e-12, 1.813e-12, 2.232e-12, 2.722e-12, 3.254e-12, 3.845e-12,
    4.458e-12, 5.048e-12, 5.511e-12, 5.898e-12, 6.204e-12, 6.293e-12,
    6.386e-12, 6.467e-12, 6.507e-12, 6.466e-12, 6.443e-12, 6.598e-12,
    6.873e-12, 7.3e-12, 7.816e-12, 8.368e-12, 8.643e-12, 8.466e-12,
    7.871e-12, 6.853e-12, 5.714e-12, 4.482e-12, 3.392e-12, 2.613e-12,
    2.008e-12, 1.562e-12, 1.228e-12, 9.888e-13, 7.646e-13, 5.769e-13,
    4.368e-13, 3.324e-13, 2.508e-13, 1.916e-13
  };

