  static double const (ba)[98] = { 0., 4.45e-8, 5.22e-8, 6.46e-8, 7.75e-8, 9.03e-8,
    1.06e-7, 1.21e-7, 1.37e-7, 1.57e-7, 1.75e-7, 2.01e-7, 2.3e-7,
    2.59e-7, 2.95e-7, 3.26e-7, 3.66e-7, 4.05e-7, 4.47e-7, 4.92e-7,
    5.34e-7, 5.84e-7, 6.24e-7, 6.67e-7, 7.14e-7, 7.26e-7, 7.54e-7,
    7.84e-7, 8.09e-7, 8.42e-7, 8.62e-7, 8.87e-7, 9.11e-7, 9.36e-7,
    9.76e-7, 1.03e-6, 1.11e-6, 1.23e-6, 1.39e-6, 1.61e-6, 1.76e-6,
    1.94e-6, 1.97e-6, 1.87e-6, 1.75e-6, 1.56e-6, 1.42e-6, 1.35e-6,
    1.32e-6, 1.29e-6, 1.29e-6, 1.29e-6, 1.3e-6, 1.32e-6, 1.33e-6,
    1.34e-6, 1.35e-6, 1.33e-6, 1.31e-6, 1.29e-6, 1.24e-6, 1.2e-6,
    1.16e-6, 1.1e-6, 1.04e-6, 9.96e-7, 9.38e-7, 8.63e-7, 7.98e-7,
    7.26e-7, 6.55e-7, 5.94e-7, 5.35e-7, 4.74e-7, 4.24e-7, 3.77e-7,
    3.33e-7, 2.96e-7, 2.63e-7, 2.34e-7, 2.08e-7, 1.85e-7, 1.67e-7,
    1.47e-7, 1.32e-7, 1.2e-7, 1.09e-7, 9.85e-8, 9.08e-8, 8.18e-8,
    7.56e-8, 6.85e-8, 6.14e-8, 5.83e-8, 5.77e-8, 5e-8, 4.32e-8, 0.
  };

  static double const (betaa)[98] = { 802., 802., 761., 722., 679., 646., 609., 562.,
    511., 472., 436., 406., 377., 355., 338., 319., 299., 278., 255.,
    233., 208., 184., 149., 107., 66., 25., -13., -49., -82., -104.,
    -119., -130., -139., -144., -146., -146., -147., -148., -150.,
    -153., -160., -169., -181., -189., -195., -200., -205., -209.,
    -211., -210., -210., -209., -205., -199., -190., -180., -168.,
    -157., -143., -126., -108., -89., -63., -32., 1., 35., 65., 95.,
    121., 141., 152., 161., 164., 164., 161., 155., 148., 143., 137.,
    133., 131., 133., 139., 150., 165., 187., 213., 248., 284., 321.,
    372., 449., 514., 569., 609., 642., 673., 673.
  };

  static double const (nua)[98] = { 2120., 2125., 2130., 2135., 2140., 2145., 2150.,
    2155., 2160., 2165., 2170., 2175., 2180., 2185., 2190., 2195.,
    2200., 2205., 2210., 2215., 2220., 2225., 2230., 2235., 2240.,
    2245., 2250., 2255., 2260., 2265., 2270., 2275., 2280., 2285.,
    2290., 2295., 2300., 2305., 2310., 2315., 2320., 2325., 2330.,
    2335., 2340., 2345., 2350., 2355., 2360., 2365., 2370., 2375.,
    2380., 2385., 2390., 2395., 2400., 2405., 2410., 2415., 2420.,
    2425., 2430., 2435., 2440., 2445., 2450., 2455., 2460., 2465.,
    2470., 2475., 2480., 2485., 2490., 2495., 2500., 2505., 2510.,
    2515., 2520., 2525., 2530., 2535., 2540., 2545., 2550., 2555.,
    2560., 2565., 2570., 2575., 2580., 2585., 2590., 2595., 2600., 2605.
  };
