  static double const (ba)[90] = { 0., .061, .074, .084, .096, .12, .162, .208, .246,
    .285, .314, .38, .444, .5, .571, .673, .768, .853, .966, 1.097,
    1.214, 1.333, 1.466, 1.591, 1.693, 1.796, 1.922, 2.037, 2.154,
    2.264, 2.375, 2.508, 2.671, 2.847, 3.066, 3.417, 3.828, 4.204,
    4.453, 4.599, 4.528, 4.284, 3.955, 3.678, 3.477, 3.346, 3.29,
    3.251, 3.231, 3.226, 3.212, 3.192, 3.108, 3.033, 2.911, 2.798,
    2.646, 2.508, 2.322, 2.13, 1.928, 1.757, 1.588, 1.417, 1.253,
    1.109, .99, .888, .791, .678, .587, .524, .464, .403, .357, .32,
    .29, .267, .242, .215, .182, .16, .146, .128, .103, .087, .081,
    .071, .064, 0.
  };

   static double const (betaa)[90] = { 467., 467., 400., 315., 379., 368., 475., 521.,
    531., 512., 442., 444., 430., 381., 335., 324., 296., 248., 215.,
    193., 158., 127., 101., 71., 31., -6., -26., -47., -63., -79.,
    -88., -88., -87., -90., -98., -99., -109., -134., -160., -167.,
    -164., -158., -153., -151., -156., -166., -168., -173., -170.,
    -161., -145., -126., -108., -84., -59., -29., 4., 41., 73., 97.,
    123., 159., 198., 220., 242., 256., 281., 311., 334., 319., 313.,
    321., 323., 310., 315., 320., 335., 361., 378., 373., 338., 319.,
    346., 322., 291., 290., 350., 371., 504., 504.
  };

  static double const (nua)[90] = { 1360., 1365., 1370., 1375., 1380., 1385., 1390.,
    1395., 1400., 1405., 1410., 1415., 1420., 1425., 1430., 1435.,
    1440., 1445., 1450., 1455., 1460., 1465., 1470., 1475., 1480.,
    1485., 1490., 1495., 1500., 1505., 1510., 1515., 1520., 1525.,
    1530., 1535., 1540., 1545., 1550., 1555., 1560., 1565., 1570.,
    1575., 1580., 1585., 1590., 1595., 1600., 1605., 1610., 1615.,
    1620., 1625., 1630., 1635., 1640., 1645., 1650., 1655., 1660.,
    1665., 1670., 1675., 1680., 1685., 1690., 1695., 1700., 1705.,
    1710., 1715., 1720., 1725., 1730., 1735., 1740., 1745., 1750.,
    1755., 1760., 1765., 1770., 1775., 1780., 1785., 1790., 1795.,
    1800., 1805.
  };
